
1
0
11
00
10
110
111
011
100
000
010
1110
1010
0010
0110
0000
0111
1100
0100
1000
0011
1111
1011
00000
11010
10000
00010
01011
11111
01111
01010
00011
11100
01000
11110
10111
01110
10100
10011
10110
10010
11000
00110
00111
00100
01100
11011
010000
010011
100110
110110
000100
010110
000111
110010
001000
110011
001110
001100
111000
011000
011011
110111
011010
000010
000000
001011
110100
011110
100011
101110
100000
001111
111011
000110
101011
100100
000011
101100
111010
100111
111111
100010
1101100
1111000
1110111
1001010
1000111
0111000
1111010
0011000
1011100
0000111
0101011
0100011
0001011
0010010
0100000
0100110
1011000
1110011
1100000
0001100
0010000
0101000
1011010
0001110
0101010
1100111
1011111
0110000
1010010
0110111
1101010
0000000
1001100
0100010
0000110
1101111
0010110
0011010
0011111
1001110
0001111
1010000
1000110
1110010
1010111
0101100
0010011
0110011
0111111
1000000
1010110
1111100
11111110
00110011
00000000
11011000
01000111
10001111
00100000
10101100
01000010
00100110
00000010
10001011
11101110
01100111
10000110
11000110
10110000
00111111
11100010
10100111
10110111
01001110
01110011
01101110
11011100
10100010
00001010
11010000
00010100
01101011
10100000
00110010
11111000
00010000
10100100
10010100
00100010
00000100
01011110
10101011
10110010
01000000
11000011
01010110
00101100
10100110
11011011
00101000
11010110
11111111
00101111
11111100
10101000
01011100
11110100
10111011
10000000
00110111
10110011
10000011
11100111
00110100
10001100
00111000
01000100
11101011
10100011
10111000
01001100
11110000
11111011
10010110
00101110
11100100
11100000
01010000
01011010
10011110
10111110
00000011
11010010
11010011
01111110
01110010
000101010
110011011
111110100
000010011
000110010
111111011
011000110
101010110
111111000
011010111
000111000
001010010
010111111
101101010
001011111
100001011
111000000
010111010
001010111
101000111
000000100
001000011
000010000
100011010
101111111
101010011
010110011
100100000
000111110
110001111
011111111
011001010
100010000
110100100
010111011
010010000
100001010
001111000
101111100
010000010
010110111
111011100
001001111
011100110
000100000
010110000
101000100
110111110
011100111
000001111
110000011
101010000
011010110
111110010
100010100
010101010
011000010
001101111
110110110
100110111
100010110
000101011
010000111
001000000
000001010
100101011
100011100
111010111
110011010
100011111
110101100
000100100
101110100
011011110
000111011
111110011
010101000
001010011
100000111
011111011
000000111
110000111
001101000
110001100
111111100
111100010
001111011
001100000
000110100
110100010
011111110
001100100
100100100
111011000
111010110
010111100
011000100
100001000
100001110
111111010
110001010
011101111
010101111
001001010
100101010
100111111
010100010
010000100
010100110
001010110
110100110
000101111
011110011
110110000
010001000
011011011
010010100
111000011
101100010
101110000
110000100
110000010
010100111
011000011
000011011
001110000
100101000
011101100
001000010
011011111
001100010
100111000
011000111
110101010
110010011
100111110
101101000
100110000
110011110
001000111
010000110
000111100
000101100
110110010
100111100
010110110
011100010
010010010
0001000000
1001110010
1110100000
0110111010
1010001010
0111110100
0100100100
1100100100
0011011010
0001101010
0011110110
0111111111
1011010111
0101100010
0101011110
0001101011
1101100010
0000000111
1100110000
1010100011
0010100110
0110101000
0010001011
1101100011
0011101010
0110111000
1100010010
0110101011
0110100010
1010101011
1010010110
0100110000
0000110100
1101111111
1100110011
1001010010
1100111010
0001010011
0110100111
0110000100
0011110011
1100011100
1101011000
1011000010
0001111111
1010111111
1100100111
1101010111
1110110000
1111111111
1000011000
0001101111
1101110010
0110001110
0101010110
1001110011
0011110111
0000011111
1000011010
1110111100
1101010011
0101010010
0101011111
0001110111
1111111000
0101000010
0101010111
1000011111
1111001000
1010101100
1110010111
0100011010
1011101110
0011111010
0001010110
0011111100
1001010100
1100110100
1011000111
1000100110
1001010111
0011010110
1110101100
1110011111
0110010011
1001110000
0101110110
0111001011
0101010100
1101001111
0010000100
1000011110
1001100100
1111100110
0110101111
0111010011
1001011111
0010101110
0010111111
1000101100
0100011100
1101111100
1111011011
1011011000
0100101000
0111000111
1000000110
0000010010
1110101011
0101011000
1010111011
1000011100
0011011011
1100001110
0110001011
1011011100
0000000011
0111010110
1000010110
1011111010
0111101000
1100110110
1110000000
1100001010
1101110100
0010001110
1001111110
1001010110
0110100100
1011000000
0111011010
1100100000
1001111100
0111010010
1100001111
0001100010
0010000111
1110101110
0000110011
1000000100
0011010111
0010101011
0001110100
1111111100
1111101100
0011001011
0010011000
0101110111
0011101110
0011000100
10101001100
01110010111
11000000011
11110011011
01001010111
10000001010
11011100100
11001100110
10001111111
11011111011
00100100011
00000101011
01110110011
00111011000
01101000110
00000011110
01101001100
11100000000
01011000010
10000110000
01101100110
00000110100
00110110111
11010011110
01001001110
00100000100
10100001000
11111101011
01011110010
10100010111
00111001011
01000110010
10101100100
11000101010
00000101110
10111000111
01110000100
11100011000
11110110111
01001001000
00010001010
01000100000
01100101011
00100000011
01001110100
11111001011
01100111111
11000111000
01101001110
01100001110
11111110000
00011010010
00101000010
01011100110
11101110010
01001111000
10010100000
00011110000
10001011011
01101101011
10111101000
01011100011
10101010111
10010100111
10100011111
10000000111
10011001110
10001010111
11110001110
10111101100
10011100000
00001011111
00101100100
01010000111
10110100010
10101110000
11001010011
11001110111
10111001110
11011011110
00111100011
00100101000
11011111010
01111110010
11000001010
11011110000
00110001111
10001001010
11100111010
10010010011
11111100000
10000101110
11000011010
11101001100
11000100010
10010111010
10111100100
01100011000
11010101010
10100001100
10110000110
11010101100
11010000110
11001000110
11001101100
11111100010
01100000110
11011111100
11001110010
10100110010
10111110011
10010101100
11100010010
01110100100
11111010111
01110010010
11001111110
01000100011
10111000100
01111000110
01100100100
01001101110
11110111111
10110111100
00111101100
01110100110
11110000110
01010101010
10000100111
01010000110
00000000100
10000010011
10001110111
01010011110
10000011100
00100001011
10001100010
01001101111
11000010000
11010111010
10101001000
10010110111
00000100111
01011100010
00110001011
00100101100
00001101011
00010100010
00011101100
11011110100
111011011100
110101001110
111011100100
100110011100
111101001010
011111110011
101001111000
110011110010
100010100100
101111101100
111001100010
110001101110
101001110111
100111001100
001100110000
011011111100
000111110000
101000000100
010111100100
000110101011
011111111100
011000110010
110010100010
000001000010
010110100000
100110000100
001000111010
011001011011
011111000100
010000011110
001010000011
100101111110
111100101010
110001000000
100111000010
010010001011
011111010000
110010101011
001000111110
010001000111
010101010110
101001110110
101001001100
101100100110
101110000010
111001010100
111111000010
111100111111
000111010100
101000011100
011000001110
001011000111
010010110100
100110111100
101110111110
101110101000
100000111010
110100101000
100100100010
100010101111
001010010011
110111000110
110110001110
101101010111
101100111000
010100111110
011110011100
011101000011
100100100011
000110100100
000000001000
110000100111
000101010011
010001100000
101100100100
001101101010
110001101010
011110111011
101011111011
010110100011
001001110110
000111000010
000110111111
010110010010
111001010000
000111111100
110010110110
100110000011
011010010011
101101010000
011010100000
011111111110
110101011011
111001111011
000110110111
000110011110
110111100110
000010010111
001111101000
011100001010
000111000000
000000011100
000111000110
001001100100
000001101011
001011101110
111001001100
010101101010
000011111110
011001100011
110111101010
101100001000
100001101100
100011101010
110101100100
001010010100
100101011110
001110011000
001011000011
010101100000
010110011111
110011000100
001000100111
111011001000
011011010100
010111110111
101110001111
000001110100
100100101010
101010011010
001011111010
001110100011
111000010100
001100010100
001110001100
000001011110
111101001111
111001101011
110011011111
111110000111
001100110010
111010001110
000010101000
010111010100
000100100111
100010000011
010100010111
100001101111
111111111110
101001010111
0101011010110
1101110010000
0000111100011
1010001111111
0001110100110
0101001110000
1001011011111
1110011101110
1000110100110
1100010101011
1111001000100
0011011101110
1110010011111
0101111001110
0100000001100
1101000000110
0000111010000
1000110010011
1011001011100
1000000010010
0010011110111
1000011110011
1010100001000
0111010101100
1011001110111
0100010001111
0011000110000
0111011011110
0110000010100
1000100111110
0100100110110
1110011110110
1000101100110
1101001000011
0010110001111
1110000110011
1010010000100
0100111110110
1100001001000
1111100100110
1100001011100
1001110111011
0001010101010
1101011010010
0001110100000
0100010110110
0101100100011
1010001110010
0101100110110
1000011101110
1011000110100
1111101110100
1001111000000
1000010000011
1111111110000
0101101101111
0000101100000
0111101001100
1010000111100
0001111010110
0111001010110
1101110001010
0100001010110
0101001000100
0100001110011
1011001100111
0101000000100
1101110011110
0111011110100
0101011000110
0111110101110
1100101001010
0110101010100
0011110111000
0110011011000
1100010001011
1110001000011
0001001000110
0011011000011
1001101001010
1111100110011
0001110110100
0111011010111
0110101111011
1100100101100
0011010000100
1111000011011
1110000000110
0011000111010
0100101001000
0011010001010
0001110001000
0000101111011
1101011100100
1100100101011
1011100001100
1111101011000
0011011001011
1010111111110
1100011111110
1011100000111
1111100011000
1110000010000
0110110100100
0011111111111
1110010110010
0110100101000
1010111000111
1101000000111
1111111101100
1001000001110
1001100000111
1000101011110
0111010111100
0011001111110
1001110110111
0111111100110
1000010111000
1000001010011
0010000100110
0101111001010
1000101110000
1001100010111
1011000001110
0011000010111
1000000000100
1010110101010
1010111110000
1001101011011
0010100111010
0001000111111
1000111100000
1011010100111
1010111001111
0011110111110
0010111111100
0000100101000
1101100111111
0001000101000
0111000011110
1101010111100
0110000100110
0111000000000
0001010001011
1101001110010
1101001010000
1010000010110
0101110110111
0100010001000
0010101111000
00000011010011
01110000100100
10111100010100
11110111001011
01100111011011
11010001100111
01100000100010
11011110101100
11111000010010
00111110011010
11111101111111
00111111100110
00000101111111
10101010010110
00000001000010
00000110111011
01100011101110
10101011101010
10101001000010
10111010010100
11011110001111
10011111001111
11001000010010
10001001100110
00111111110100
11101101101100
10001110010110
11000101000000
00101011001010
00011100001111
11110001010010
01000001111000
01000010010000
11011011010010
11101101111011
01000100101110
11101100000100
10100001000110
10111110000111
11011000111011
01101100010100
11011000000100
00101111010111
10010111010000
00111111100010
10111010110000
10010111101100
10110001110100
11111110110111
00110100111010
10101010011110
11111011111011
10011101100111
11101101011010
10100000100011
01001111100111
11101100111100
00101111010011
01001100000010
11011101100110
10011111000100
10110111101100
11000010001111
01110110000011
10000110001000
01100001000011
11010000101110
10111110110100
11010010111110
01011110100110
01110011100010
11011101001011
10111001001011
11011001111011
00110101101010
00110100101011
10100101100000
10011100110010
01000100000000
11000010101110
10000110011100
11111110101010
10010101000111
11110110001110
10010101101110
11001101110110
00010111001110
01110110001000
00100001010010
10000000010010
11000010100000
00000010111000
01111110100110
11111110111011
11001010111010
00011011101011
01100101011010
10001011110110
00011010001110
11010010000100
11100000000000
01111100101010
01000000010111
11001010001010
10011100101110
01011011000010
00110101110011
00010011000011
10100110000000
11110101001110
10001100111010
00001011101110
01100101001000
10011010100100
10110100101010
00010110001111
01000110001011
11011011001100
00110001100000
10110010001011
11111110100110
10111011111110
11101111011110
00110110000100
11110011100100
00100001100000
10100000000000
01101100011110
01110001011111
10000110010011
00111011010100
00110010100010
10101110110011
11011001011100
01100111010000
11011011111100
11110010001010
01000001001111
11110001111111
01100001010010
00001000000110
01101000100011
00110110110111
01110001111011
11101011001011
01110000011010
11001101011110
01000001010110
10110111100111
00010100010010
010110111001110
000110000111011
001010100010011
111011110011011
101000111101011
011001000101011
101010111101000
101000101000010
000010010011000
010001010010110
000010110110110
100111101111100
001101010111110
001110011010000
011000110000000
001011101011010
011010010010100
100110000111010
110000000001011
111111110001010
011100001011000
001001110101000
000111000110010
000010011101110
100011100111000
011010000010000
101000010001111
001100000010111
000000110100010
011101101101000
101110101010010
101010111110110
010111100100111
101111011101100
010010001111110
110110111000110
010000111010010
100001010100110
010010000011010
100011010001010
111100100001111
111100111100011
000101001110010
110101010110011
010010100011010
000000111100000
010111011001100
110010001010100
110111010010010
111101000000110
100110011111000
000010010111110
111011101100111
100110111011111
001101011000111
010101101011100
110100011001010
001001010010011
011110100011011
000110110001000
101110001100111
111001011010100
011010110100111
000010111110011
000010101001010
010010110101111
010111101100111
001001110010000
100100111100011
001001000111110
100011011011100
000110000101100
101100100101010
100100011101111
000101001011100
101111110000100
101100110010000
101011010010011
100001011010100
010011110000111
000011101010110
101100000111110
101111001010110
100111100000010
001101001001110
101110011011010
110100011101010
100111000000000
100001110100010
001100010110010
101010111001100
000001111001110
010111011011111
111000000000100
001010001001000
000100101110010
010110101001000
101100110001110
111111000100000
010111001011011
110110111000011
001110110010111
111100111011011
110100011101100
110101110000111
010110001001011
100110011011000
100100000100110
010011100111100
101100000001110
111010100010110
000110000010000
000000010001011
100011011011011
010100111111100
000110011111000
001110010000000
001011101100010
110001110100000
011001001101000
011110011110110
010000011010110
001000111111110
000000110001000
011000111100010
101101101101100
001001101000110
110001000111011
110000001100000
000010001111010
101000010110100
110000101011000
100001111110111
111010000100100
000010000110011
001000100001111
010000101100010
010000110101000
010011010010111
100111111100010
000010010011110
111110101000000
100101010000110
000000000001110
000100110110110
110110111101011
110001000111111
101011011101011
110010010001000
000001100011100
10011110011010010010
10100001110001101110
00111100011110000110
11000111010101010110
11111100011101100000
00000011101110000010
10100000000110010100
11010011001001111111
11011100101110100010
00110010110111100100
11101111100000000110
10000010000011000000
10011010101011111011
10010100000110001111
10111000110010001011
01010100011111011100
00101100000000101100
01101111101011101011
11100010100101111111
01100111000111100010
10010010100100011011
11110101001101111110
10111011100010111011
10011101110001001111
00011010000011000011
00011001110000101010
11001000110101000111
11001110101101101000
11100100110111101010
10000100100010100000
11101000110001010110
10110111101011000011
01010110000110110110
10001100010100010010
01010011000100111110
11000000001111110000
11101110000101110100
00011010001100110100
10000000111101100000
10100100100000001010
11010110000100110010
10111111000000011110
11110011100011001110
00110000010010010100
00100000110101001100
00100101010000010110
00110011011101000110
00111101111100110011
11011111011111011100
10111000111011101010
00101000001001100110
01100100001010101011
01010001101111010111
01101100011010011110
11111111001110011111
11101110010010011100
00100000001100100111
01100111101000001000
10010100110101010000
01001001100110010000
01010110010001011010
00111001001011000000
10000011010010011000
11111100000011100010
00000110101111010110
10110010110100110111
11100010000101010011
01100100000010000011
11100010010101111011
00101100010011110011
01010010010111000011
01001110000101000011
10100111101010101011
10111010110110000110
10100000101000111110
01001101100110010010
10001000010010001000
10110110101101001011
00001011010100011111
01001110111000001100
00010111010100001011
11110100010101110000
11010100101010010010
10110000001000110100
01100111110000111000
11010111110100010000
00010111010001100010
01101010010011011011
01101110100011101000
11100100101000110100
10010111100011001010
11001001001011001010
11110010000101100100
10001101001011111000
01101011011111101110
10010000010010111011
11100110100010111110
01000000100110100100
01011100100010101100
00101110101110001000
10011111011010010011
10000000100010110110
00111000011011110110
01001011000110110010
00101111010011111111
00111110101010001000
00111100100101101000
01100000100011001110
10011111001111111111
01000000000000111100
11000111001111001110
00111100110110101011
11111100101101111100
10000101101110100110
10001101100110110100
00110010000001110010
00001011100101110000
10011011101111001110
11010101110111010110
00101000100100011110
01000111001110111011
01010111001111101011
00011101100011000010
00111011101011010100
00000011000111001000
00100000110101011100
01110000001010101000
10100011110001110110
11000000111100011011
00000011001010000000
00111110100110010111
11100101101100001111
00000101110010001010
00100010010001000110
11001011100010111111
11000010101110111010
10101011101111011100
10011011011111101011
11010111011110001111
00011001101001001100
10110000011000110010
10011011101010111011
01000011111001110111
11010111101010110010
10101110110111000110
00101100101011010111
01011111010000101000
11111111110111000100
00011011011000111011
11001000010111100111
0011000110110111100001111
0000000001101110101101011
0110011100101101010000010
1110001001000101101101000
0101011100001000110000011
1101011000011011001111111
1110101001101000000000110
0100110000101100100100010
0001110010111101000100000
0100111011100100111000010
1100100010011101100101111
1010111110011001100010111
0011110100001110000001111
0100111001000111011110011
1101100100010110010001010
0000011100011000101110100
1110110011011101100000010
1110110001010110110010100
1010011011010101110100011
1100111000100011000001111
1101111010011000111111011
1001000001100011111001011
1110111011100100111001000
1010001000001010110011111
0000111000101000011000011
1100111000010011100000110
1101010011000001110111011
1010111111001010011011000
1000100010011001111101110
0111010010111110110000000
1010110010100001010110100
0011000110110001001011100
0010101110110000000101010
0000000010100010111001000
1010011001111100000101011
1100101000010111100011110
1111000110000010101010010
1010011110101111011101100
0101011111010001010111100
0100101111001110111100111
0000001011110110100000000
0000100010111100110000100
1000100101000011011001100
0111001011010011100111100
0101011100100110110010011
0111110000111101110011100
0111001110101110101111100
1000101100000110100011000
1011010000010100100011010
0100010000001110010001100
1001101111111010000111111
0101101111000101101000000
1100101000111100001110110
1010011110000111011011000
1101101000111011100101110
1110101110101010010000011
1010101101100111011010111
0101000101110101011000100
1111010101111100000010010
0101000011011000000110111
1101000111010001001110011
0001101111101000111111010
1100100010000010110100110
0010000000110010000001010
0000101100101100100011111
1000011111010110111000000
1000111000111111110111010
0010001101010100001110010
0011101100011001100000010
0010000101000101000100111
0000111010110100111010011
1111101111100101101101000
0000111111110100000001000
1011010110001110011010000
0111110110110111001010000
1000100000000011100111010
0110110101110011001010110
0010111101010000101000011
0001001010011100111100011
0110101010101011010111111
0100101111100010011010010
0110100101111111100110011
1011010101110111001111100
1000101100010011000010000
1100011011001110100110011
1100011110011101101100110
0010000000100011101111000
0001100110001011111001110
0010010101100111101000111
1010101010000000110001111
0100010101001101100011111
0100111010101101100010111
0111101100100000100011111
0111010010010010011001010
0010101001001110001110000
1001011001000010111110110
1000110111011110001010100
0010011001011001010001000
1011010100010100111010011
0011000011001000110111111
0011001111001111111111100
0000100101100111101010010
0000110011110100001001111
0010101111010110000011110
0110101110111100001101100
1000100010000001100110000
1000010111101000011101100
0101001101001001001000010
0101110011000001011010111
1010011000101101111101000
0110001000110000101000010
1101100101111101111111111
1011101100110100000010010
1001011001000000010101011
1101000100011011000000010
0000011000001101000010110
1111010110101000000011010
0001100010010100111111100
0010011001010010100001010
1011010010011011110011111
1101110010101111101000111
0110111111000111101101000
1000111110011000101111000
1101001000100011110011100
1001010110110011100001011
0011010100000001001010010
0111100001011111101100110
0000110000101010001110111
0111100011010000010011110
0010000111101111011001110
1101100001000011100011011
1111010110100010000000000
1111010001011011111011010
0001000101100011010110100
1000111010010111011101000
0011001001110111101000000
0100100000101000011000000
0111111100101101100100110
1101111110010001100100010
1011110000101101000111000
1010100001010111111001010
0101010110110111111111110
1011011010100001000011011
1001001111010101101010000
0000101010000100000100010
0001110010111110111010011
0111100101111000110010000
1101010101010101111100010
1110011101101001000011000
1110110011101000111011100
000100101010001001001001000011
111011010000101110111010011000
101110000001100000000000110100
101110000000100011011101111011
110011110101110011011010010011
010011100001000101110100100011
000010010001100101011010100011
101010100000001101010001111111
111110100100011101001100110000
110011011101000001000000000110
001101010101111111111111000110
101000110000000110010000000100
101011111000011100010000011110
110000101001001111101100011000
110001110010010100100110000100
001101110101110101111011100010
000000000010001110010000110010
110101011010001111111100100011
111110111000100010000100000010
010001010100001110000111010100
100110010000011010011001011010
110000011111101101001010111100
011101011011110100100101110011
101100100101101000000101110010
111111111110000101010011000000
001110001100000100011110110100
011000001110111101000111001100
011111011110001110101111101110
010101100000100001110100000100
001110000101100011011101101111
011110010111001100110110001111
011101010100111001010110010110
111000100011011110000010101010
010101000111111110011001100000
101111011011110100101010001100
101001110110011111111110011100
011001000100001001100110000111
101011101011111001100111101111
011001110110011010101110001100
000001100100010100000101110100
101111010100010011010011111000
110011111100011001001100101011
111111000111100101010110011100
110110011111101100010111011110
100011110011011101111010100000
001001101010000111100011111111
011000001001001110001000000111
111001110111111000110101010100
111110100100111100010110000011
000101001000001001111011000111
111000100001010111110100001111
110001010101011100001111101111
100010000001001100111101000100
100011010111111010000001001110
111000100000100000111011101000
101010111011000010010010101000
001101101010000011001101101110
011011000100111111011010001110
111110101011010111101111010100
110011010011011111100100111000
110011111101100101000010111010
100100010110011001001111100100
110101000000110010001110000100
001100100100010001101101011110
000000100100101101010100000011
001000100100010100110110100010
010101000010111101001000011100
100011011000111011111001000110
010101110101001101010001101110
010010011111000101011100111011
110110011000111000110110111110
010101101100011110011000011100
001110100001010010111101001111
111010111111111001110000001011
011110101010011010001101011111
110100111011101100101011010000
000111110010011100100000101000
011110101101111100011010001010
101111100110010001010011000111
010111011011000111010000010100
100000111111001110110100100110
101101001110010110000111101110
101100100010011011100110011000
011111011001111011001111011010
010010011111111001100101000011
011000011010000010011011110100
100010111001100111000100100011
110101100011100000110000101010
000011001100000110011000100100
111001110100001000110010110111
100011000011010100111011110000
000101110101011111101100000100
000010100010100011110100111110
001110011101010001101111101011
100010111001001100101001100111
011101011000100000111110111011
101111000001010001010101000000
010001101100111000110001111111
111001010100010010101110101011
000010000000111011000100001011
111101101011000010100110100000
110010100001000101010010101111
110100011010000000010111011011
101011110010101111010111100110
111000000000000011010010110011
000100000011010011000010101011
100110110011110101000111000000
001000110000000111011111111111
010010100010111011001011011011
101011110010010110011100111000
101100000011100111110110111110
110011011011110000000010000111
001010010001010010000010011111
001111000111011101111001101011
111110101101100001001011100110
011111111010010110111000101110
001100001011101110011111101100
110110001001000001011100110000
011111110111101010100110100100
111000111101100011010101100011
000111010100100100010111000010
101101100011000100101001110000
111011011011011010000111011010
010110110010010100010111111011
111101110000011000110110000000
111111111100001000100111010100
001011001000111111000101000000
011010000010000101100001001110
001110110111111101000011011010
111001111100111101110000011110
001011001000001010101000111110
100001110010100110111010101110
101110011110111111010000110010
011110010100011110100010010100
000111011101010101110111011010
011001110010010101001110100110
000011101001000001010111001110
000100000110011010011101111010
100111111101101111000011000100
101111000010101110101010010110
001110100000111001100100110100
001110100001010001000001110110
111000111100101000000011101000
100011001110000001100101010010
011111011110011011110110011100
001011111010111000110110110100
101000111000001011001100111000
110111101000011111100001101100
110010100110100011111000111111
111010000100110010011001001110
