1
0
10
11
00
110
101
001
000
010
111
011
100
1010
1101
0100
1111
1000
1110
0110
0000
1100
0101
1011
1001
0111
0001
0010
01000
11100
00011
01110
01100
11010
00111
11011
00100
01010
10101
01101
10111
11110
00101
10011
11101
00001
00000
11111
101101
100011
111100
110110
101000
011001
010011
111011
010000
011111
110000
100010
000001
000101
001000
101001
100100
010100
100001
000000
111010
0111011
0100111
1110111
1110110
1110100
0011110
1000100
1110000
1001000
1000000
0100110
1010011
0010000
1001100
0110110
0000011
1101010
0101011
1011100
0111000
01001001
10000000
00111100
10010011
01011000
00111110
10110011
00000010
01101001
00001100
10000101
10101000
01111101
01100100
01000100
00111001
10101111
11101101
10000011
00010100
00001110
111011011
101110011
010110000
010101011
011011100
100010100
001101111
000011000
101011101
101010011
101010100
001100100
010000111
000010101
101101010
000101011
000011111
000110010
010100000
111010111
0111100000
0101001111
1110111000
0100010101
1110010111
1101000111
0001101010
1000110010
0001110000
1001000000
1010000100
0000101011
0101110001
1010001011
0010010111
1001010011
0000111111
0001010110
0110100010
0000110000
0000111101
11110110100
00110100000
10000011100
10100011110
00100000101
11111101110
01000001010
10010010111
00000110010
00011100101
01111111100
10101000011
00111001010
10010101111
11101111100
10101000001
10101110000
11010011101
00111001001
01000100111
001000100110
000110110010
000010001000
010010010101
000111100101
100000111110
011100101011
101000111101
011100001000
100001111001
001011110101
101100010010
110111110000
001001010100
111000010100
111010010110
000110101100
101101111000
010100000111
011000011100
1101011111101
1111101000000
1011111111101
0000001010010
0010111011101
0010110011000
1011010011100
0101100000011
1110111110011
0100010011000
1010011110011
1101101101000
1000101010000
0010000010001
1010111100001
1101110111010
1100101001011
0100010000000
0001000110110
1001100010110
00000100011101
01110011011101
11010110100010
10010101110101
10111100101111
10010000101001
11101100000101
01010000001100
01000111100110
11100011000100
11111101101001
10100110111001
10101001001100
00000111101111
01000001000001
00111100110110
10110010100111
11111100101000
10011101101001
01110000010101
010101001101110
111001110000111
011001110110110
000100001100001
011010011011001
001100100111000
110111001110001
000100110001001
001100010101101
100101000011010
111110000000100
110101000010011
001111111011111
010111100001111
110010110110101
100100111101110
111110001001001
111001100011110
001100111001101
000101001101000
11000010101101111010
11010101000110111101
10110000101100001010
11000011001101010101
10001100011100011111
11000111101101000110
11101100100110100000
01000001000110001000
00101100101011000001
00110010000101011111
10110101010101000101
11100101100001101110
10110100010101001110
00011101001101011111
01010010000011000001
11011111111001110110
00001000010101111111
00101111010010011011
10110100101100001001
00000110100011111001
1011010010100001111111101
1000011011111111011010101
0110101100101111010000101
1000110100011001101010011
0010110011101011011110100
0101001011110010111110000
1010100001111101101001010
1011001110000000111100011
1101001111000011101110011
0110001111001111010110000
0100100001000010101101010
0001000001111000000000110
1010111100100101111000111
0001001100000010011100101
0100000011001001010001001
1101111000000111100001110
0001101010001000101010111
1101010110110001111001010
0001101011100011010001100
1001000000000011011001110
001000110010101100100101010100
001010010101011110100011001101
001000010011011010001101011101
000100100101001000011010000010
110010011011001001100110010101
111010100000001000111011010101
001111010101111110011111001110
010100010010110100001011100011
110101100000010100011110000000
100011101000100100001111101000
000100011001101011010000001010
111110010001011010110000000010
000101010011001101110010100101
100101010110110101100110111100
100100111000010100100101110100
011100100010111000111010101101
110001111111101001111101111100
100100111100111101000111100001
111111000000000110011011001010
011100000000000110100100101000
