
000
0000
0001
1000
10001
00010
00011
00000
10000
00001
01000
11000
010001
000111
000000
000010
110001
100010
101000
001000
010000
000101
110000
000110
111000
100000
000001
000011
011000
100011
100001
000100
0101000
1011000
1100001
1000001
0111000
1110001
1000010
1000100
0011000
0110000
1010001
0001011
1001000
0001000
1000111
0001010
0000110
1100010
1000101
0000100
1010000
1000000
0001111
1000110
0001100
0001101
1100000
0100010
0000011
0100001
1100011
1111000
0100000
1000011
0100011
0000000
0000111
0000001
1101000
0010000
0110001
0001001
0001110
1110000
0010001
0000101
0000010
11000010
10110001
01001000
00010110
10000010
11000011
11000101
11000111
01000000
11010001
00000000
10001111
10100000
00110001
11100001
01110001
00001110
01010001
00000011
10001010
10011000
00010000
00011011
00000010
01011000
00100011
00011110
00010101
00001101
00000001
01110000
01000001
10000100
10001001
11000001
10010000
00101000
11011000
00010001
00001111
11100010
01000011
10100001
10000111
00001010
00010011
10001100
10000110
10001110
10001000
01000100
00001001
10100010
10010001
10000000
01100010
11100011
00111000
00010010
01000111
00010100
00011100
00000100
11000100
00011001
01100000
10001101
00100000
00011010
10110000
10101000
10000101
01000101
00100010
00110000
11100000
00001000
00000111
00010111
00001011
11000000
00011111
00000101
00100001
00000110
10111000
01000110
11010000
10000011
00011101
11000110
00001100
10001011
01100001
01000010
11101000
10000001
11110000
11001000
01101000
10100011
01100011
00011000
01010000
11111000
11110001
01111000
110110001
000111001
011100011
111010001
010010001
100001001
000001011
011110001
111100011
000011000
100101000
100001010
001000101
101011000
001110000
100000111
000001010
100000101
110111000
100001101
011000100
111000111
101110000
000101101
011011000
010100011
101000101
100001110
010101000
000111000
000101010
000001101
110110000
001000001
110000100
110010001
001000111
001000011
100000110
000111101
010000111
000101000
110000011
100011111
000001100
110000000
011000000
100001000
000001001
000001000
110100011
110101000
000010001
010100010
000110000
101000011
110100010
111000011
110100000
101000100
000011011
100000010
010000100
101001000
000111110
110010000
000000000
000011101
000100101
110001101
000111100
100000100
101111000
110001011
100001011
000100110
000010010
000110110
101010001
010001011
001000110
100000000
000111011
001000000
001001000
000000101
011111000
100100011
010100001
100001100
100010100
100000011
010010000
010000010
000000010
100011001
001000100
101000110
000010101
000010011
111101000
100100001
110000001
000000001
010000101
110000110
010000110
111011000
001000010
001010000
000100000
010001000
101100001
000100111
011100010
011000101
010001110
110000111
100011101
000111010
111000010
011000011
000011010
110001000
111100010
100010011
110000101
101100000
000011111
110000010
010000001
110100001
011100001
000010111
101101000
000010110
000000011
100111000
111110000
000101001
000000100
000000111
000010100
010000000
000110001
101110001
100011100
101000111
010000011
010100000
0101100001
0110100010
0000000111
0100100001
1101000010
0001111000
1110010001
1001100001
0110001100
0001100100
1000000000
0000101110
0000000000
1110111000
0001011011
0100011010
0110001111
1111110000
0000111100
0111010001
1110110001
0100010010
1101111000
0001101001
1101000011
0000001000
1000011010
1010001110
1111011000
1001000110
1001000011
0000110000
1001100010
0101011000
0001110111
1111100001
1000000001
0100001000
1000110010
0001100101
1000000101
0000100011
0001101000
0100010100
0100000011
1000001110
1110110000
1000000110
0010000100
1110100011
1110100000
1000110101
0000100000
0010001011
1000101001
1111000100
0010001001
0100110001
0001010011
1000110111
1000011100
0000100100
0101000010
1000101101
0001011010
1100001101
1001000111
0100011000
1111111000
0101110001
0000110101
0100000101
1010100010
1111100010
1100110000
1010010000
0000001111
0000010101
0000100010
1010000111
0101111000
0000111001
0100011100
1010001100
0011100001
0000111110
0001010100
1000001010
1010011000
0111100000
0001101010
1000100110
1111110001
1001000100
1011111000
0011000001
0001001101
0101000101
1111000000
1000010110
0011100000
1011000110
0011011000
0001100011
0110001011
1000101111
1100001000
0000000100
1101010000
1010110000
0001110001
1100000010
0010100001
0000101100
0001110101
0000010000
1000101000
0011000000
1011011000
0001000000
0010100000
0010000111
0111000110
0110110001
1100001010
1101000000
1001011000
1010001010
1100101000
1100011101
0000110011
1101110001
1001111000
1111000101
0001101110
0011100010
1001110001
1111000001
0001011111
0100000000
1100011001
0000110100
0001111101
0000001101
1100011011
1111000110
1110000000
1000001100
1000111111
1111100000
11000001001
01101000100
11001000100
00000011101
10100010001
11110001011
11100000110
01100101000
11000010000
01110000010
00001011101
00100000001
10000100001
10011110000
01100001010
11110000010
01000010010
01010001111
00001111111
01000110000
10010100000
10000000100
00111010000
01001000011
11001000101
01100000100
01011000001
00001001110
00010011110
00011000101
00011110100
01010101000
11010100001
00001001101
11011010001
11000110000
01000110010
11100110001
11111000000
11100000011
00101111000
10001101011
00010110110
00001010011
10010001100
00101000000
11000110111
00111001000
01111000001
00100011101
01100011001
00010010001
11001100011
11100011101
00010101010
00010000010
10001001011
11101000000
01001100001
00010100101
01110100000
11100011011
11010100000
00001011111
10000110101
00111111000
11100110000
11111101000
10000010110
01111000101
00110110001
11010001000
01001000001
00001100000
00101100001
00011011100
00011100101
10010100001
10001111111
01010111000
01111101000
01000110110
00011001101
11111100011
11000011000
01110001100
10000111000
10010001000
10111000100
10101011000
10111110000
11000010110
00001000000
11000111011
00011101011
01000000101
11100000100
11010001111
10010000100
11000000000
11001001000
01000111101
10001110110
00011101111
11110000110
11010000011
01101110001
10000011100
01000011010
00011000011
10111111000
00010011000
10010000110
11011111000
00001111110
11101110000
10010001010
11000011100
11000101111
00000101010
10001101000
00111100011
01000100011
10100011000
00001001000
10110101000
11001110001
00011101101
01010100011
11101000010
01111010000
00001001111
00110000011
00000010011
11010101000
01110001000
01000111000
00100011110
10000000111
10111101000
10000101000
01000111110
00011101110
11100000101
01110010001
01010000111
01100000001
00011000000
11101110001
00110001111
100010000000
111000110011
000001011011
111100110000
001110011000
000010010111
111111100010
011010100011
111000100001
110100000110
100011010011
101000101101
001010101000
110111100001
110001000000
000010011110
110111100010
110110001010
111001000100
011001001000
011110100001
100000000011
101011000011
111111111000
101100101000
100001001001
100100000001
111110001111
000100011000
000100100101
100100100001
110001010000
110001011011
010111000000
100101000110
001000101010
101100001001
111100010011
100010110010
110001101001
010010000110
011100100000
001000000110
011100001001
100010101111
000011110111
010000001001
110000011011
111100011111
100010010010
000110010100
101100010111
100001000111
100000101000
100001110111
000010111101
000011001101
010001100110
011010000000
110011000100
111110011000
000000110010
111000101001
100001100111
000011111010
000101110011
000101001111
000001001000
100010010110
110110000111
010110001000
000110010101
001010000100
011000100001
011100011110
000001101111
010010110000
101011110001
101011110000
101010100010
110000111011
000101100011
010000100100
000001010111
110010000101
110110001100
010001110110
100010110110
100110100001
011011110000
000100111111
000111010101
101000011011
000011101001
010000110111
001110100010
111000011111
000001110110
100010000110
010001010100
010100100001
100011011111
001000110000
101000100010
011101100000
101010001101
011011000010
000101100000
001111000100
100010010000
100000110111
011010000110
011000101111
000000110001
111010001110
111110000111
100110001001
111111001000
011110101000
111100000111
010000001101
101000110111
000000000110
101000101001
001101010001
101000100001
101110010001
110000001100
100100010000
011110000100
000100100100
111010000010
101100010110
100110100010
101010001100
001110000000
001110010000
011100000011
010001101000
110011000110
011000100100
110001010100
000011010000
110011101000
011101010001
110101000111
001101000010
010100011001
000000010001
111111100001
0110111100011
1000101101011
0010101100011
0101111000001
0010100010111
0011111010000
0010010000110
1000100111010
1110000011101
0001010010110
0010110000001
1001101000101
0001001010101
0000111101000
0100000001001
0101000001111
1010001011110
1000010011011
1000010000001
0111110000100
0101010001011
1111111000111
1001110000010
1110110000111
1100011100101
0001000001010
0101000011011
1000110101101
1011000100110
1110010010000
1000001110111
0001100100000
0001110110000
1111100110000
1001000000111
0000111000010
1001100010001
0001111001101
0100111101000
0011010100000
1011000100100
1010100001010
0000011010011
1100100010110
0000001101111
1111001000111
0011000110000
1011111101000
0010000001110
1111111000000
1110000110001
1101011000011
0110000001100
1100110111000
1000001101101
0011111100000
1101111000110
0001100100010
0001010101111
0100100011111
0000000010100
1010110011000
1110101000110
0110001111110
1101001111000
0100001000111
0010001100101
0100100001110
0100100011011
0111101010001
0000010110111
1010001010010
0111101000011
0011011000111
0001010011101
0110000101101
1001110010000
0011110000001
1101000100011
1110011000001
0011001000111
0000011100001
1111110000011
0010111100001
0011000010000
0000111001010
0000010001011
1100000011110
1100011010001
0101110000111
1100000010110
1001000010111
1100011100111
0111010000101
1010001111000
1000110011100
1111100100011
1000001010010
1110000011011
1111010000000
0110010000001
0101110000110
1001111100000
0010101100000
0010000110101
1000101110110
0001010000011
0111100011010
0100110001110
0101000111010
1011000011011
1000111101100
1111110100010
1000010001000
0100000101110
0110010001101
1111100001010
1011100011010
1011001010001
0000010100110
0101000111111
0111111000001
1011001011000
0111000010000
0101010000111
1110011011000
0000100101100
0111000001110
0100000010111
1001110001010
1100111000100
0001111101110
1100001110100
1100100100011
0011100110000
0001110110011
0101000010010
1011100000110
0000110000000
0100001000011
0100100010100
1000101110111
0000101011000
0010000100100
0100011110000
1101000010101
0011110100011
0111000001101
0101011000110
0000011010010
10010101100000
01100010010011
11011000001001
10010111000110
00000010001101
11001110010000
00011101010010
11001011000101
00000000010001
00100111110001
10001100111101
11011011011000
10001001101001
00010111101010
00100000011100
10001001011111
11001000001010
00000000011100
00001101000011
00010100001011
11010000111101
10000100010101
01111111011000
11011101000100
00001011110101
01000011000000
10001111000110
11110000110010
00001101100011
01111011011000
10100100010101
11101001100011
00000010011001
11100010110000
00010001010010
11100010111110
00110011100011
00101101000100
10000010000111
11010100010011
11001010010000
11111000010101
10010011000011
10010110101000
01011100011001
01111100000010
00011010011111
00001010101011
11000111100101
00001001001111
00011100011011
01000000001100
10001011100101
00000101011110
11100001100110
00101001100000
00101000101110
00100011010001
01110011000000
10000001110111
01110001011000
10001111111110
11000100000001
00001011000011
11111000111101
01111110000010
00000110110111
01100001001010
11111010001011
10010101000010
00101111100011
11101000111101
00101101100011
00010010010011
00110000100010
01111000101100
10001000111110
11001010001010
10111101011000
11000101011101
10101100001000
10001000010110
00110000001011
00011001000011
01111010001011
10100111100011
10111001111000
11101011000111
01011011101000
11101110000001
00010010111111
10001110010111
00000010011101
00001110110101
10010100100001
00100010110011
01111110000001
00010100001010
01001100011000
00000101010110
10001110011000
10011001111000
10110001110110
01101001000110
11000101100001
11011100110001
10111001000001
10110000110010
10110100010101
01000001011001
00011101100011
11110011000101
10111100010100
00000110100010
10000111110000
11101010100010
11110110001010
11110110001001
01101001011000
10100010001111
11000100111001
10000111000100
00001101111010
00000001101001
00110110010001
00110111100001
11000010011110
00100000101011
01000100100000
11010000010111
01000010000011
11111010001110
00010011000001
11001111000101
11010000111111
00011101010100
10000011000111
10100001010011
10100001010101
11100100000001
11000011000001
11001010001100
01001011010000
01100000110100
10001100110100
00000000110000
01000001101100
01011000100100
10000001101101
00110101010000
110000011110000
100100101000011
100010111000001
001110101100010
011011110000010
000101011001010
110110011000100
100010010100010
111101010000011
001100011010110
111100010011011
110100100110000
010001001011110
010000010010010
111000110000100
001111000000011
111111000010010
111001100011010
011000001001100
110110010000111
011000001110000
010000100111001
010000011001100
010000110111101
100101000000011
010101011011000
010100000111000
110110100100011
010010001101101
101110001011000
100110101001000
010000010000000
010110100000101
000011001011000
001101000011110
100101000101100
100011101100101
010010111000011
100010011110000
000011101010000
011010111000001
011101011100001
001100111111000
110001001110101
111011101010001
001010001011100
100101011000111
010100110000101
101111011000001
100000101011011
111111000110000
101101101000100
101000010000010
011110110110001
101001000111010
001101000110011
111100010011101
000100100001010
000101111011111
101110000111101
101000010001111
010001101110011
001100010000111
010011000011101
011101110101000
100001111000111
100101100100011
000001000000001
000110100100100
101110000000111
011001110010000
111100111110001
011111000110011
011000001001101
010001000001000
010001100000000
000100100101000
000011000111101
111111011010001
010100111100010
010010010000010
010110101000101
011110001101001
000001100001101
111110000011100
011000111000101
010110011111000
100000000011000
000101000101011
110010111000011
010000010110010
010101101010001
101000001100111
001010100001101
111010010010001
001100001000001
001001010001011
010111000010111
100011010000010
000100100101110
111100100000110
000110111110000
100001000100101
000011000001110
010001100010001
101001010000111
111100001101001
100111000000011
001001110001001
010000100001101
011011110111000
001000011010000
010001111100110
000101001000010
100100010111100
100110011000100
010011110111000
101100001101001
011111000101001
001000101110101
000010110101001
000100110001011
100000001011001
001000100110001
010001010001000
011100000110110
111100110000001
010110101000111
110111011100011
001101000111101
111011001000100
010001110010001
110000111010001
111110001000111
100100100100000
110111000101001
101011000111000
000101000000101
010001111100100
011000000100001
011101111100000
110101111000000
000110001010010
000000000011110
100010100111110
000010110001000
111000111110000
100000001101001
000110001101000
110001011001010
00000010111010011001
01001011001100011101
10100000101011000110
10001101101010111110
10011000100010100100
00111000000101001000
00110100010100000010
10010010100010101001
00001110101011000110
01111100111110001011
00010111011110101101
10001110011110100001
00111001101001011000
01110100100010001000
01000101111000001100
01110111100001100110
10001010111000010011
00100100111010001010
00001101110001001010
01100101000000001011
11000000010111111100
11101001001110001010
00011100100110010100
00000000111101000101
01101111110000000011
11010101010010000001
00010110101110110111
10000101010000101010
10111000001100001000
01100011101001011101
00000110011111000111
01011100000010100110
01010111001100011000
00010111011100111110
10000000000011101110
00110000010110100110
01100110001000111011
01011000111101101000
00111111101001000100
10011110001000001011
10010000011111011101
11110100110101010001
10010111011100010000
10110100011000100111
00100011100111010110
10110011011101010001
10011110111101110001
11110101000111110100
11011010100110000000
10010000100110100110
01100000110001000001
00111101111011000101
10000000101100011011
01011111100001101110
11000010001101001111
00000111001110001101
00101011111000110101
10110011111101010001
00111110100100000010
01011000010111101101
00111011011100000100
11101011000111001101
00011010110000101100
00001100110010010111
00001111011010000100
01100111001010100011
00011011101100110110
11010010101000010101
11101000011001000100
01000100110100001010
10110111010100011101
00100100010010001101
01011000101010001000
11010101100001100101
01001011011100000010
00110000111001001101
00011001011010001100
10001011001111100111
00000100010111101011
00100100000110000001
10000011010110010011
01010110001001011110
11000001011000011100
10010111010101100000
10100101001000100011
10010110000000101000
00011001110010100001
10000001011111101000
00001001001011110000
01000011000000101100
00011100010111111010
11011110100011100000
10000000101001111100
11101011101000111101
00001010110010010011
00010101011001111111
10110001111101111100
11111111111111000101
10001000101010001100
11010001011000100011
01100001010001011001
01010001100011010101
00010001010111000100
10111101010110000110
11010100101011101000
11000011011110100110
11000111111100011000
00110001010110010111
11111100010101001100
01010001101001001011
10111101101101000001
01011101111101000110
00010111100110101100
00000111000000100011
00011010101111010000
01000010001010111111
11001010101011011000
01110010010001100100
10001011110011110011
01101001010010000010
10011001111000010100
00100000001111000011
00101000010001010111
10001010011001001110
11101100111010011000
00000100111100110000
01001111110001001010
11001000000100001110
10010001010010110001
11111111000101000001
00010011111010111111
11000001110001111111
10010100011010011000
01011111011110000010
10111101001001000000
00000011001101001000
10101110101010010000
11000111011000010010
00011111101011010011
10000000111101100110
01110011001100001001
01010011100001110101
10100110010100001000
10000010010100110110
01011000110101000001
11000011110010101000
10010100011111001010
01100000011001000010
10111111001010001010
11000101010100000111
1000010100011111111011110
0110011001111010001010100
0001111010101011101000101
0000110011111010101001100
1100110101001000110101011
1001111101100011010110001
1010111101000101100111101
0110100101011111000111010
1010011101010011000010001
0010110000001101111001010
0010010100011111101001111
0110001001010111111111011
1100000011001110010110101
1101000101101101010010010
0011101101110001000100010
0111000110010010100110010
1110110001011101101001011
1011011001111011000101010
1011011000000101111101000
1101111001000000101111100
1011111000110010110011000
0111011011000101111110100
0001000011001100111110100
0111111000110110001101000
0101011111001011101101000
1010111000001001111000001
1000100010101101011111110
0110001001101001100011101
0100100101011001110111000
0100110011100110101000010
1110000011001011101100101
1011111101011111000001110
1111010100111110011000011
1110111000111110110111000
1011111110000000110000110
1100100110000100001001001
1111001010100010110110101
0101001110110010001111101
1101010011110100001100100
1101111101011101001010001
1011001000010111101110110
1001110100011110010000111
1001010010000000111111011
0100110110011111011010000
1111001110100010110110011
1010110101011011110000011
0110000101100101100111011
1011000100010111111110100
1001000000110000010001100
0100010011010001011011100
1100100111110001110000111
1001111110010001101100111
1011101000011011000010011
0110011010111000001111000
0000001110000101110011000
1111100000001011110010110
1110001001001001111111110
1100101100001000100010110
0111001011011100100000100
1101111010101000010111001
0010000011110001011101000
0100011101100000011011111
0111010000100111101001100
0111011010100111000000100
0000001100010111101110101
1011000011111100100110110
1001111011011100010000101
1011101110111101000010000
0000011100101000011001101
0100001111100001101011111
1110001110000110001101011
0010001111010110001001101
0101000000010111001111010
1000011110111110001111100
0000001011101110001000000
0110101110111111000000011
0110001110000010101100011
0110011101100000000001110
1100001010110101110001001
0111100100010010110000000
0101111110101011010000000
1000000110001000010010111
1111010001111010101111101
1100111101000101000011010
0110001100001101111101001
0110100001000011111101110
1011111000100011100011111
1010100010110000001101111
0100010110001110111010011
0100001001001010100111010
1110101100001110100000001
1001101101101010000010011
1100100000010001010010100
0011010001000101000101010
0010100010100011000110011
1111000001100000101100010
1001110001000000001000010
1011010000011101001001001
0111011101001111010101000
0100010000111101000110000
1001001001000011001110100
0001011110100110010011111
1101011100010100010010000
1101000100001110110011001
0011100011101111100110011
1110001110000000001111001
0100101110110010111010001
0000111100001010001011011
1000011100111110110000101
1000111100100101010100100
1101001011011110010111000
0001011011110000010100100
0011101010001100000100011
1000110111111100001000010
1110100011011111001110011
1011110010001001001011110
0010100010001110011110110
1001111010110110100010100
0110001001110101010000100
0000001001010011001100000
1100101111100101010000110
1110010001010001110000110
0100001110111100011011000
0100100001000000101011000
0100100100111111000010111
1011001010010101000010000
1011011101110001001111011
1101011000100101000101100
0000101101011001000011001
0101001011010101110110000
0101011001100001111110000
0101010010001011110011001
0000000100100011011111101
0111010000010000111110010
1001111000011110100111000
1011001100010111010011000
0101001000011010100011001
1010100001000011100011011
1000000101010011010010110
0010001111101010101010001
1010010010001101011110010
1110001101110010100100111
0000011011001000101100111
1110111000101001111001110
0011110001001111001111001
1110001100010100100011101
1101101010101000011011000
1111010100100010011000010
0000011000001100001011010
1001010000011011010101111
000011001000001000101111100010
111111011101101010010001001011
100010111001101100010110111010
010000100100100101000010100000
111111001110000000000000101100
010001111110101110101010110010
000101001001000010001101000011
101100111011011100100000110001
010110011101011101010100010110
110101011111001001100001001010
110000000001101001000101000001
000011110011001111011011100010
100110001101000110001110001111
001110101110101000101101110101
111000010100110001110111011110
000001001111001111101100111110
101100111010000100000111000000
000111101100100111101010100111
111001010001110011100001001000
001111111001110100111100000110
100100010011100010101011110101
101011111010111100011010011000
100111100100111001111011001000
101011110110000101110000000010
001100000010000000001100010100
010100000001101001111010100001
101111111100000000010000101111
100101101111000001011111011011
100101111111100010000100011100
010010101001011010010001111010
011110001010011000110010101110
000111011010001010011001110000
101000110010001111010010011110
010001000011100110010100000010
111000101101000111101100110000
111000000001010111100010100100
000010010000001110010100010000
111101100100000110100000111000
001101001101001000100001000000
111100000110101011111000000001
001101000000110001100111101111
001011100001101000011110010101
100101100011100110100111011011
111100110001001111101000010100
000011100000000010100000110111
110110100101010010000111001000
111110110100000011001011001000
001110000111010010001111101110
001011010101100011001110110001
011110111000010101000001100111
111010111001100010101001111000
000101111001011111001000010010
010111111111010011010001010001
000100000100010001001011111000
100010010101001000001110110001
100001000000001111111101000001
001111001110001111010100101000
000000111010000000010011101111
001001001000000011001000000111
100111100011011100111000110011
111111101011101100101011110000
111000011011010010111001101000
001110101111001101011100001111
011100110001000110101001101111
101001110100010111111010100011
101111001000100010010100101100
100111000101010100000100110000
101010010111011111100110010000
100011100101001010001001110010
000111001100111101010111011100
010000100110001101001111101011
000101100011100100111001111000
000001011110110100010111100001
111010111000010001011110010100
001010010001110011011010000010
110001100010111010100010000001
101110010001101001100011100100
100100101001111000010100111111
101101010111010100101000100001
011111000000001001101011111011
001111110001110111011000111111
111111111110010111110100001000
000011110111011000110010000101
001011010001110011010101101111
110100110000111010010011000100
001110110100100010011100011010
010001010110111100000011111100
010111111100011100101001011010
111000100111111001100100111110
111010010001010111101010110111
111101111111000110011000100011
101000111111010011001111010000
101100011100100110001101101101
110000100001110100011110110111
111001111100101011110110100000
110000011100000011110110000000
010000101000000101110100010011
101001010000000011100110001000
100100111101101000111111000001
001000100011110001001100100111
000110111110011010011000101010
010100010100111110100001000100
100111111000101100110111111010
111001101110000000111011100010
000010001101111000111000101011
001000111111001000001100110100
001111100001110100000001001010
101010101000111111000110000101
011001011101101101101100110001
010100011100110000000011111101
010011111000100111101110100011
110110110000100000100111110110
111010110010111110001011011111
000101101101111000100100111111
110100000100010011110101111000
110111001110110101011011000110
100000111100010000100110110001
100111001000111100100010000010
