10
101
010
1110
0010
1000
1011
0101
1010
11010
10100
01000
01010
10111
00101
10010
10001
10110
01110
11101
01011
00010
10101
111110
010001
101010
111011
101100
100000
100011
110010
010010
110101
101101
100110
100101
011010
001010
001110
000010
101001
001000
010111
101111
010110
010100
010101
000101
100010
101011
111000
111010
001011
101110
011101
101000
1010110
0111011
0010010
0100000
1110111
1110010
1101110
1001110
1110101
0100101
0010100
1100101
1010101
0001010
1010111
1000010
1000100
0001110
1011101
1100010
1011100
1011011
1010000
0110010
1001011
0011101
0101010
1010001
1000101
1101011
0010111
1010100
1110110
0101111
1001000
0001000
0100010
0100110
0111000
0101000
1010011
1001010
0011010
0001011
0111110
0101101
1000111
0110101
1111010
1000110
1011000
0111010
1111101
0010101
0010110
1011111
0100011
1110001
0101011
1000001
1011001
0101110
0101001
1011110
0000101
1101010
1110100
0010001
1101000
0101100
1010010
1001101
0000010
1011010
01110110
10111110
00111010
10100101
10100001
00001010
00011101
00001110
01010001
10010100
11001110
01110001
11010010
01110100
10101100
11001010
00001000
01011111
01110111
11010001
01000010
10111111
00111011
10010010
10001000
10000101
01011100
01000100
10011110
01010101
00100000
10001110
10100011
10111001
01001000
01010011
10110000
10000110
11101100
11010111
01011101
00011010
10111010
11010110
11101001
01101110
00101001
01111101
01101010
01011110
11111000
01010111
10100111
00001011
11010101
00100101
10101111
01000001
00110010
10111000
10110101
10001101
00010010
00000101
01000101
11101111
10110001
00010001
10100100
11101011
11110101
00110101
10001001
11101010
10101101
11001000
11111110
10111011
01110010
01001011
11101000
11100000
01101011
00101100
01010110
10011000
01011000
11101110
10010111
10111100
10010101
01110101
10110011
10011010
10001010
10101011
00000010
10111101
11001011
11100101
11011101
00100010
10010001
01101000
11010100
11000101
00101101
00101010
01011011
10000010
10101001
10010110
00010101
010111001
000000010
110001110
010111111
001001110
011101111
010101010
001110010
101000100
001011000
010111011
100010111
101111001
101111010
101000000
100101100
011101101
001000010
111100010
101111000
000010111
011101000
110101000
100011101
001101011
100101001
000010001
100100011
001011101
001011111
001001101
101100111
101011000
110010010
001110100
101010101
001011100
111010001
010011011
011001000
100110111
101010100
111011110
001001011
111001000
001110001
010111110
001010001
010110101
011111010
101100000
101001111
000100101
001110101
001000111
101101101
101010011
010101000
100010011
001110110
001010101
101011101
100010110
110100000
101010001
100110110
010111000
010010111
110100010
010011010
010110111
111000101
101101010
100100000
010010110
010100011
101000101
100110001
111110100
001000001
101001110
111010011
110111110
100001011
110000101
010101111
111001101
111011001
011100101
010001010
000010010
110010100
001000100
101101111
001010100
101100100
010000110
100011011
001011110
101010000
011110010
011000010
111110101
110101110
100100010
010011101
011001010
101110100
011000101
101110011
011110101
111010110
000110010
100100101
100011010
010001101
111101000
001011001
010101011
010001000
010011110
000100000
010010001
100011001
001111101
000001011
111010100
010110000
001110111
101101100
100000001
101100110
101000010
110010001
010011000
000101010
110111011
001000101
001010011
110100101
010110110
001001010
011011010
111111101
010000011
101001011
100010101
101001000
111010010
111000111
1000111001
1010101101
0001001010
1100010001
1110101001
0110100011
1001010101
0100001110
0010011011
0101100001
1110100111
1000101100
1001101001
0010100100
0100100000
1000101111
0101110111
1011000101
1001011110
0100010111
1010111001
1011110010
0110110010
0111010011
1011000011
0110010100
1001001101
1111111110
1001011111
1101000110
0101010001
0101110011
0100101000
1010100011
1011100010
1010100001
1111111010
0110101001
1000110111
0100011000
1011001100
0011100110
0101001100
1000000110
1110011011
1011100011
1101000111
0011101010
1111001000
0101111011
1110010010
0010101011
0101100100
1010001110
0001000010
1011110100
1101000010
1000110110
0010000010
0111011001
1011100111
0011010010
1010101110
1011110001
1100101111
1110010101
1111110101
0100001011
0101101101
1000011101
1010111111
0000001011
0010011010
1101010000
1001100000
0101101000
1100001110
0100010110
1110101100
1101011111
0100010101
0000101100
0101011000
1010111000
0100001000
0101011101
1010101010
1101111101
1001000101
0100101001
1010000110
0101101001
1010001100
0000100101
0011110010
0110101110
1110111111
1111010101
1101010011
1011000111
0100110010
1001100011
0010110110
0010100001
0010110001
0001010101
1010011110
0101000100
0101011111
0010110011
1001000001
1110111101
0100010010
1010111010
1011001111
1010001101
0010001100
0011011101
0101111001
0101000011
1000001110
0101101111
0101100010
1011011101
0010010110
1000101010
1100101101
0101011001
1011011000
0100111011
0110010101
0001000101
1111100011
1000100101
1011011010
0110010110
1001000110
0101000000
1111101001
0010100011
0110111110
0010101000
0000001000
1100010111
0100111101
0111011100
0111110110
1111101100
0010101100
1110100000
11110000010
01110110110
00101111101
00100000001
10110011110
11111000101
10101000010
01001111010
00010100101
10101001101
11111000111
01011000100
10000011110
10111001110
10111101111
10001111000
10011001010
01011011000
00111011110
00101110011
00000001000
10001000000
01000010101
01011111111
10010110010
11110101000
10100101001
01001000001
00101101011
01100101000
10100011100
10010010001
01100010110
00010110101
10000111101
11010000110
01000100011
01101100010
11100010110
11101010100
00100011110
01010011110
00010010100
10010010100
01000100001
10111110101
01101000010
01100010101
01100101111
01110111110
10100001000
00100000010
01000110000
10001000111
11101111011
10100010000
11100111110
10110110111
00101011010
00010100111
10110000110
10110011100
10111111010
01011111010
00111101011
00101100011
11001000110
01001100101
01101110010
00110010100
10110101110
11001010011
01110010001
01110010111
11000100010
10010001111
10001111011
11011010110
01001011011
10011001000
11101100001
01000110001
00010111001
01110100111
01110001010
10101100010
10100101000
10111100100
10011111101
00010101001
01100011010
11010101001
00001000101
00000111010
11100011101
10011001110
00100010100
00001101010
01011111001
01000010010
10101100000
01011101111
11011010001
11111011000
10011010011
11001100010
00011101000
10000010010
10101111011
10111010000
11100011110
01011010101
11010011000
10000101010
00000101110
01111101110
01110110011
01000001000
10000111000
11111110001
01000011010
00011001000
01111010101
00111000111
10111001100
00010100001
00010110010
11111011110
00100011011
10100101110
11111110111
10110000100
01011101101
01000000010
10101110011
11001111010
00011010101
01100100010
10100100111
00110010001
10001011100
11010000010
10010001110
10111000101
11100010000
01010000111
10100000000
10011011010
01100100011
01001000100
010101111110
100111100000
011101110000
111001101111
110010000000
111000011110
001010111101
101101100101
001110111110
010000100110
011011010100
101100110110
010001011010
100011010100
100101001011
010000101000
000011101110
100011111110
101011111001
100010100101
010001001110
110011001000
100101101100
101010001101
111011010111
110011001011
110110001000
101100111011
011111010101
111001110100
101101011110
011001110101
001101011100
100111011110
001101010101
010011111010
100011011011
011000100011
110011111110
000110001010
010100101101
011000100000
110011100101
011110001110
000011000101
000010011010
000010000000
011001110111
100011101011
000101110000
010001101001
011001010110
110001011111
111010000110
100011101010
000110101110
111010110001
000010000011
001101101011
110001011110
110001010111
111011010001
000010001111
101001101011
101011101000
000100100000
100001011001
101011001101
000110010010
101000000000
000110110010
010110111101
011100111011
100101010110
111101110010
000001000001
110110101011
110101010000
110011100000
100111001110
101011100111
111010101010
100110000101
000010010110
100101000000
110110001011
100010000011
101010101000
000101010101
111111001110
101000011100
001001111000
111010010111
010010111110
101011011101
101101111110
111011101000
101010000101
001010110000
011111100101
010000001010
101101011001
100111010000
011101101111
111110000110
001010000011
111111101100
010011000100
000100010101
011101100001
001001101110
000010100000
000010001000
011010001110
100101110011
111100111110
101100100111
001010011010
100100100101
001110011101
110111000111
101100001100
111100100010
010101010011
101111110110
010001011111
111001001010
101000100100
010011101010
011001000010
101000101101
110000101001
111111001011
010010001110
000010010001
011100101111
011001100101
101110010010
000101010111
010111110011
110010110111
101000000111
101001110101
100010110111
010111110111
011100101011
000100100011
001101000110
100111000101
100110000110
1001001011111
1110111010111
1110001010100
0011111001011
0101100011100
1100100100101
0110000001010
1001110110111
0110100000001
1011101110110
0010111111110
1111000100110
0010000000101
1101000000101
1110110101110
1011010011001
1111000100000
1100111111010
1101010111000
1000011000111
1010101011100
0010000110001
0000111001110
0111011100001
0010010001001
1000100011101
1111001111010
1011111000001
1011010110010
0101010110100
1101011011100
1001100101010
0001010111001
0100110101010
1101011110011
0101101010111
0110110111110
0110001001011
0100011110100
0000101010011
0011100010100
1101100100010
1100111011100
1011010110101
0000110101000
0110101010000
0101000001010
1000001110011
0010111001101
0010111100000
0101010011100
0111000000010
1101100101010
1000111101101
1010101011011
1100000010100
0111110101110
0101110001000
1101111011010
0100011001111
1011110010100
1010100010011
1101101011101
1010001110010
1110011000111
1100101110100
0111110011000
1110101110111
1100101001001
1101001111110
0001001111101
1110100000100
0110010100100
0000101000110
0011001100101
0101001000101
0111011000101
1001000000011
1010000100000
1001001001010
0000100010101
1111111010011
1100101000001
0100100110100
0100011100001
1100111011010
1010011110111
1011000000110
1100011101111
0101000010010
0010000111011
1000001111000
0001011100110
0111010110011
1001010111000
1100101010011
0010101100010
0010000110111
1110100001000
1110110011101
1001110010110
1001110001101
1011000101111
0010011001101
1010011110100
1011000111001
0001101011101
1110001110000
0010101011101
1010011101111
0000001101000
0110011111000
1001010101101
1011011011010
0000001000111
0000100011111
1011101011111
1001101000001
0111011001000
1011011000011
0010101100101
1001111011101
0110110010001
0111011110100
1001110100111
0110111110101
1010010110101
0101100111100
1000000011010
1011010101000
0010000101010
1110100110000
0010011011101
1110000010110
1110111011001
0001011101000
1111001000101
0011011101101
1011010101110
1111101101100
1110100111111
1000111110101
1011001010111
0111000100110
1011000101010
0010001110010
0101101111011
0011100001110
0110011111010
0110010010101
01010000001111
01100001011110
11110010011011
10100001101100
11011010111010
01010000011011
10000111010110
11100110100100
11111111111010
10010100000011
01011011101001
00101111110101
01010111001001
11000011110010
00110101100110
00001001010010
10101111111001
01111010110111
11100110000000
11011010110011
11100101100001
11000000100010
10100000111001
11101010110001
00001010011000
01000101100111
10000010001000
11010110111110
01001111111110
01000010101110
11011101100000
01001100000100
11011101011010
11111100010010
01101010111010
11101101110100
11101011110110
11100100100101
01001110101110
11100000001001
01001011101100
10000001110110
11010011100000
11101010011011
00101111010111
00101001010001
11011111011111
11010001011111
10011100010010
01110010100001
11001011001011
10000011100101
10001101010000
00111011011000
01000001100010
01010011001011
00011101010111
10000000101110
01110110111010
10001110100110
11111011010010
01001101001010
00110111110111
10111110100110
00100101110000
01111100011110
11100111111000
10101111101101
01100010000010
11111111111000
10101111001000
01011011111111
10001101010011
01001111000101
10110101010001
10100100111111
00010110111100
00010111110101
00011010100010
10011010111110
11110010101000
11010010101100
11010111110110
00111010110001
01111101111011
01001110100000
10010110100011
01000000111011
01111100011100
01111010100010
00101110110110
11100111111010
00011001110110
11111110011010
01111110101000
01101001000100
00010110111000
10101010001100
11111010000010
01000101101010
01101010010111
01101100010110
01111011100010
11111000111110
01011110111000
10111110011010
11001010010011
10100000011011
10111000110111
01010101011110
10001100010001
01000001010101
00101100100110
11111011110011
11110101000001
10010100100100
00100100000101
01100001111010
01101010100000
00101101101100
11010011101100
01100010111101
00111111010111
00100000100100
10001110000000
00010111100111
10011111010110
01011101000010
10011010010000
00010010111111
00001010010101
11100111001011
00001000110111
01010110100101
00110101010001
00110000101010
00101110101010
01100001010111
01001110101011
01011001000100
01110111110111
10001011000101
00011111101010
00011011110010
01000010111011
01000010110011
00110001001011
10111010000110
10100000010101
00010100000101
001011100001111
000011111001101
001110010010001
000110001101010
100100101111111
000110001000110
011000110010111
010100101110111
110001000110110
110101110011011
000000111001101
111011110111010
100110110010111
101110111101101
001001110010110
000101000011100
110111100000101
000011101010100
010010111100010
011100010101101
110110010111010
000111110001111
010100111010110
010110000011100
010000111110001
110011001001011
101010011101111
010101111010100
000011001011000
110010000001110
000100000001011
010010101001110
010110010001111
111111111010110
111001111101100
110101011010011
110100000011010
101101000011101
010100111001100
011100010100011
000101110010100
110000010110110
111100101010101
110001011011100
010010001100010
001011010000010
110111010000110
001100100001110
110010000010011
111011000110101
010011010000010
101110101010101
100000001110101
110101011111101
001100010111011
111010011111110
000101011100100
100100010001011
101111101101101
101011111011101
101110000011101
111001000000010
111101111001011
011101110111001
010111011101101
001011100101101
001001101111010
011010001111111
001111111011111
000100101111110
111001101101000
001001111010110
110110111010111
111000000011110
110101110101100
111010001011110
101110110111101
101110110110011
110010110110011
100001110010101
001011101000100
101110000001110
111001000001111
010001100011010
011000001011100
001010011101011
100010100011110
001000001011000
011011100011110
100001010100111
010101100011010
010001101110011
110101000001000
111101011101110
010100001000100
110011010110100
100111111111010
001000000011001
011010000011011
000100110100000
101100011010010
111101001111010
110110010101111
101111001100111
100100111111010
011011111000100
001010111100000
000111011110111
001101110101101
100111010011111
101011101100111
101111001011100
101010011111100
100110111001110
101111010010010
000111000100100
000010011110001
110011101010101
100000100001011
100100010110011
011101111110011
100111111011000
000101101111000
000101010110110
100110010111010
011001010101010
111001000010111
000100110010110
001111111011110
110011010101000
101100001010011
101001011100100
101000101011100
111011111011100
11001011010101111010
00000011110111011010
00101111011101000100
00101001000010111101
00010010110101001001
00011010111110000100
11111100101100101000
01010111111011110001
00101011001100111010
01000100000001011011
00001010101001010000
10111001011101111011
00001000110011011111
11011010100000100000
00100000110111110010
01001001001000110000
11000111010111000000
11010101010101100010
11100001100010010000
01100110011110110010
11010111101101000011
01110010100011001111
00010110001100011111
11010111111101100011
10100010000010101110
10001111000101111111
11100110101001001100
10100111111100000101
11100110101111011011
11111010101110011001
11111101011100111101
10101100010110000001
00110110100011000010
00010011010111001011
01011110110000011011
00110100011111110110
11010100010000010001
01010100001111010001
01001000001001110011
00001110001000000010
10010101001011110011
10011110100010100001
10001011110101101011
11101110111111000111
01111001010011010100
11001100100110010111
00111000111100100100
11101100010100110110
00110111001000100010
10111101010000100011
10001101101100101101
00001010010101100011
00110011100001101110
11100111110000011000
00100011010111110010
10011101001110110011
10101111011111101000
10000001111101100111
01001100001011101001
11110010010001101100
10011110000001010101
10001111101110110110
11100010100000011011
10101100111110010100
01011001111111000010
00111011000101011001
11101100011101111100
01011010011110101111
11111101000100001101
10011011011010000001
10110001001000101010
00100010101110100001
01011011011110001110
01110101010111010111
00011100100111100011
10110101101111111010
11010000010010010110
1001101000001000111100100
0101000011100111110100011
0010110100010000011001100
1011010101110100111101010
1101010011000000111001010
1001110110110011000001000
1011100101001010100101111
0110011000110100011100100
1100100111010011110110011
1110001001100000000010110
1000011111000110110001011
0101011100000100111011101
0001101000011011101111000
0111100011100111100010111
1110000000111111101100101
1010110111001110111100100
1111011111100101000110001
0010111110110010100010010
0000010011000111000111001
0011110101011000111101011
1100011011101001011101011
1011101111011100101111001
0110011111111111000101110
0111011100110001010100111
0111101101110101101100101
1110010010000000110011111
1000000000101001101010111
0010001101010001000110111
0101101011101110001000001
1010100111110111110011001
1001000001101010100100110
1101010110011011001001101
0100100011010111001010000
0111100100011101000110001
1101110101011100100001101
0011001011001000100000110
0000111110011111011101000
0101010000011011110101000
0011001111011000101001110
0110010100010010101011101
1101010101110100000001101
0100011010000000111010010
001111110001101010100110011011
010001000100111000001011100000
110111100100100111010110011001
000001101000001111101101011010
100010100101011110010001101110
111111001111101111010110100101
011010001110001111101101101101
110111011010111111000011001111
101101001011001101011100101010
100111001000110001011001110101
100100111101111101010001110101
110000110100001101000000110011
000011011011111101110101011001
101010000011101111100001110000
110100010111100001101111110011
111111000111111100100100101000
001001100001010101100101010110
001110010111101100010110001010
011000011111010010101111110100
100111011001000010101001110101
110100100011000100101110111111
110100010010010110001101001100
110001010100001000111101110000
011010001011010111111000101100
001111000111011110000000001010
100111110110001110111101001100
011000111001001000010111111001
