
0
1
11
00
01
001
100
111
110
011
000
0001
1101
1001
0110
0000
1100
1111
0011
0100
0111
00110
11001
01100
01001
00001
11100
00011
00111
01111
11011
11111
00000
10011
11000
11110
00100
01101
10000
000001
001101
110111
100111
010000
001001
000110
010011
100100
011001
111001
000100
011100
001100
100001
111101
000111
011111
111100
000011
110011
110000
011000
111111
110100
110001
000000
110110
011110
011011
001111
1100000
1100011
1110011
0011000
0001111
0000000
1111100
0011111
1111011
1110000
0110011
0000100
1111001
0000011
0010011
0110001
0111100
0000110
0111001
0000001
0111101
1001111
1111110
1100001
1101111
0111111
1001001
0011100
1111111
0011011
0100001
0110111
1000011
1100111
0100111
0011110
0110110
0001100
1000000
1101101
1101001
1001100
0011001
0100100
1111000
0001101
1100110
0000111
1101100
0110100
0010000
0110000
0001001
1100100
00000110
11011011
01001111
00110000
11011000
11001111
01111000
11010000
01111001
11011001
00110001
11000000
01100001
01111100
11111111
00011100
11011100
00001100
00100111
11011111
10011001
00110110
00001001
01000000
01001001
00110111
10000100
11100111
00110100
01101111
11100100
11010011
00010000
11110001
00000100
00110011
00011011
01101001
10000001
00011001
10011111
11001100
01001100
11111101
00100001
11000011
11110110
11000100
00111100
00001111
10010011
11110011
10000111
01100011
11000001
01110011
01110000
00111101
01000011
00010011
00000111
11001101
01111011
01101100
00001101
01101101
00111001
00011000
01100111
11111100
00000011
11001001
00000000
00000001
11111001
11000110
11100001
00100100
11110111
11000111
01100110
11011110
01111111
01100000
00011110
01100100
11110000
00111111
00011111
10010000
10011100
11110100
01111110
011100111
000001001
011100001
010011111
000111111
111101001
001001111
011011001
011100100
110110110
100111100
100001111
000001100
010000001
001101001
110100100
011110110
110000110
110000111
110100001
000011011
100100001
110111111
000100100
111100011
011111100
110110100
000000000
001111001
010000100
111000011
000011001
011011011
110000100
111001001
110011110
011001001
111100100
111100000
110001111
110011000
011000001
011001101
100000011
111001100
100110011
100110000
011111001
011000000
001100100
011110111
000000100
110000011
011011000
110001001
000100111
001000011
001100111
111101101
111110000
001100011
000110111
011111101
000011000
111111110
001101101
001111100
111111100
111000000
001111110
011011110
001101111
110110000
001001001
000110011
000110001
011000100
011010000
000000110
000010011
110001101
111111011
000001111
100100100
110111001
110110111
011110011
011001111
001110000
110100111
000111001
000110000
000111100
011000011
110011001
011110100
000000001
001001100
111100110
110010000
001110011
001111011
111111001
110110001
011111111
110110011
100100111
011001100
010011100
111100001
111100111
100001001
000000011
011011111
011011100
000011100
000011110
011010011
110011111
110111100
001101100
100000000
001100110
000111101
111001111
110000000
110001100
000001101
100111001
100001100
111110011
001111000
010010000
011000111
110011100
000100001
010011001
001100000
111101111
010010011
000011111
001100001
110111101
000110110
110000001
000110100
111111111
000010000
111101100
100111111
0001110000
1000010000
0111100011
0001100100
0011110000
0011110111
0000000111
0110011100
1111000110
0000000100
1100110110
1100010000
1111011111
0000000110
0000001101
1111110000
1111001111
1100111100
1111000000
1111000100
1111111100
0110100111
0011001001
0111110011
1101100000
1111110100
1110000001
0010000100
1111100100
0011111101
0110000011
0011111100
0000011100
0100001111
1001100001
1111011110
0001101111
0110110100
1100000100
1001000011
1100011011
1111100111
1101111100
0011001111
0111101111
0000111100
1111111001
0010000111
0111001111
1111111101
1111010011
0000011000
0011000011
1100000110
0011110011
1100110111
0110111100
0000011011
0011111111
1110010000
0111000011
1101100110
1110011100
0001001100
0000110011
1111110011
0111111001
1111000011
1100110000
1100011100
1001111100
0001100000
1100011001
0000001111
0110010000
0110000001
0100000011
1000011001
0100000000
1110000111
1111001101
0110011110
0110011011
1100011000
0111111110
1001001111
0000110000
0111100111
0100100111
0111001100
0011000111
1101111111
0001111011
1001100100
1101101001
0000111101
1111000111
0011000110
0001100110
0000010000
0111100000
0000001001
1100110001
0110111111
0110011000
0011100100
0111101101
0010011100
0001000000
1101000000
1100001100
0100001100
1110011111
0100111100
1100111001
0110110001
0110001001
0111101001
0011011110
0100111001
0000001100
1100001111
1100100100
0000110111
1000010011
1100011110
0011001101
1100001001
0110100001
0110110111
0001111110
0000111001
1111011000
0001100011
1100011111
0011011000
1110011001
1111110111
0111111111
0001100111
1100111101
0001111001
0011100111
1100000111
1111001100
0011110100
0110011111
1101001100
0000100100
0001111100
11001111011
01110010000
00000100111
00011100111
11111111100
11100000011
01100100111
01101100111
01111111111
01110010011
11100100111
00110010000
01100100100
10011100100
11001001100
11001100111
11111110000
00111111011
11000010000
01100010011
11110110100
01100000001
01100100001
00000010011
11011011111
00110000111
01000000001
11110001101
00100111100
01000011001
00110100111
00110111101
01100011011
11111111001
11110011110
01101111100
10011100111
00000111100
01111010011
11001111000
01110000001
10000111001
11000001101
11011000001
11110100111
00011010011
11111001001
10011001100
11000000110
11011011001
00000111111
00110000011
01101100011
11000001100
10010000001
11000000111
00110010011
00011011111
00010011111
00011011110
00011001111
01100011001
01101101100
10011111001
00000110001
00011111111
01111001111
00001000000
00000011111
00100100100
00100100001
01000010000
10000100111
11011111111
01001100001
01101000000
11110001001
00011110011
00100110000
00110110011
00111000000
01100010000
01001110011
00110110110
10011111111
00110001100
00111111000
11010011111
11011110100
00000110111
00111100001
01101001111
00011111100
01001111001
00011011100
11111100111
11000011111
00110000000
00110111111
01111000111
11011000000
11110010000
11011011110
01111110110
01100110000
11011100111
01100000110
01101001001
01001000000
00110110001
00000000001
01100111101
11000011011
10010000100
00001100011
00001100000
00000111001
11100110000
11011110000
00011000001
00100000011
11011000111
10000110011
00100001111
00011001100
01111110111
11110110011
00110110000
01100000011
11010010011
01111011100
11111001100
11111101101
00111101111
10011100001
01111011111
00000011000
11011001101
00000111101
00001111011
00111100000
00000011110
11001111111
01111010000
00001111110
00111111110
10000000011
10010010011
00000001111
10000111100
010011111001
110110000111
100110011100
000000110000
110111111000
110011111001
001100111100
000110000110
110110001100
000001111110
111100001101
000001000000
110110110000
000100100001
011011011100
110110010000
000000011111
001101100000
000111101101
110100001001
000111101001
000100111111
100100000011
000000111001
110110000000
111111001100
111101111001
110011000000
111101101001
010011110011
110110010011
100111111111
110110111100
011000000001
111111100001
111111011000
110001001100
001100000011
100000010011
001101111110
001101111111
100001111111
011111111110
011001000000
100100111111
001000011111
011010011111
011110011000
011100100100
110011000011
100100001100
001101111100
000111000000
001000000111
000001110011
001101101100
011010000100
000011001100
001111110000
110001000000
110001111110
110001111000
001001100001
100001001100
100100100001
110001100011
011000110111
110111111011
110100110011
011110001100
001100100100
111111011111
110110011111
111001001100
011000000100
110001101100
000000010011
111101100111
110011111100
011001100100
110011100001
000000000011
011001001100
001000011001
111101100011
110100111100
010000001111
000001111100
011111110011
011011000111
110001101111
111111000110
000000111100
010010010011
000111111000
111100011011
001100001101
000110011000
100110000001
110000001100
000001001111
000111100000
000011000000
111001001111
110011100100
100100110000
110011011011
111100100001
110100001111
001110010011
000110011100
011011001101
001111111001
110001111001
011000100100
000011110110
011000110100
011011100111
001101100011
110100001100
011011010000
111100011110
110100000000
110001110000
001101111011
110100100100
111110000001
110110100100
110001101101
110000011110
011110110110
110000110000
000110110111
000111001001
110011110001
000110100100
011000010000
000110010011
010000111111
110110001001
011000001111
110011001101
111111110000
000100000000
000111111001
000001101100
000100001001
011000011111
010010000111
110000001101
1000010010000
1101100100100
0000001101101
0100111001001
0001100111001
0011000011110
1100110110100
0001111110110
0010000001111
0011100110000
1111001111111
1100111001001
0001111111100
0011011111100
1111011100111
0000110110011
1101101101111
1100110011000
1110011111001
1001100110011
0011011110111
0110111100011
1101100000111
1101111110011
1100001001001
0000011010011
1111000000001
0001001110000
0000001111001
1111110100001
0111111000100
0001100011001
0001100001111
1100110011100
0111100011000
0000110111001
0000011001100
0000001001100
0111111111101
1111111100001
0011100000011
1100000111001
0110000000000
0000001110011
1001001001100
0010000111001
1101111010000
1001111000000
1110000111001
1111001001111
0110000111001
0001001110011
0000110110100
1110000100111
0100111110011
1100001000011
0110010011111
0111100001100
1000000111001
1100011110011
1001001000011
0011000111111
1100001100111
0110110000110
0000001101100
0000110100111
0011000111001
1100110100111
1100110000111
0111001111001
0111111011111
0000000111001
0111100010000
0110100110000
0110001111000
1111011011110
0110100000011
1100100111111
0111000011001
0100000011001
0110001101101
1100100100001
0001100001001
0010011000011
1100001100100
0011010000100
1001001111111
1111100111001
1111011110001
0001101111110
1000000110000
1000010010011
1100001110011
0100100001111
1100111111000
0000110110000
1101100111100
1100111000011
1101110000100
1100000000000
0011011010011
1111111001100
0110100001001
0000000011001
1100011010000
0111101111111
1001100001111
1001000011100
0110011110011
0001001111111
1100100001111
1101001111111
1100001100110
1101111111100
0001110011001
1001111110000
0110000001100
0110000011001
0001111010000
1000000100111
1001000010011
1001001001111
1111011001111
0111100111101
1100001111011
0011111111111
0010000110000
0010011100100
1100100100100
0011110100100
0001111000100
0110111000011
1111011010000
0001001100100
0011001111111
1101100000110
0000111110000
0110000000011
0011110011001
0001111000110
1001100111100
1101111100111
1111110110100
1101111110110
0000000000100
0100111111111
1101101001111
0110011000111
0000110100100
1110010000111
11000001111000
01111010010000
00100001000011
10010000000000
11100100100100
00011110011100
01100000011100
01100000100100
11011011110111
11000010011001
10011111111111
00001111011110
00001101100011
00111000000100
00110110110001
11000100001001
11000011100111
10000110011001
11100100000011
01111110011111
01100011000011
11010010010000
11110110001100
00000000011100
00111100011100
01100011111001
01100011111111
01101001110000
01100111101101
00111101110011
01101100010011
11000110110110
11011100110011
11011000111100
11110100100111
11001100110100
11011001101001
11110011000001
00010010000001
01100000110110
01101000010011
00111100000111
01001001001100
00001100011100
11000000100100
01110011001100
00110110110110
11011001101111
00000010011111
11110001100001
11110100110000
00010000111001
11111100011111
00100111001111
01111111111000
01001100100001
10010010011111
00000000100001
01111011000011
00000110000111
01101101100011
00001101111110
00011011110001
11000111111110
11011011100100
01001111110000
11110011110001
11110110100111
01100000100111
11001101100111
01001000011111
00000010010011
11000001100001
01100000000011
00001111111101
11000100100111
11110110000000
10000111000011
11110000110100
11000100111100
10000111110000
01101100001111
10000111100100
11111111011110
00010010000111
11000111001111
01001100000000
11000110011011
11010011110000
00010000111111
00000110001001
01111011110111
01101101100111
00010010000100
00011011110110
00011110010011
01111011001100
00011000011011
11000001111011
00110001000011
11100111000000
11011111000011
11011010000111
00110000011001
11010000110011
11100001100001
01111111100000
00011100100100
11111101100100
11111111100111
01001111001100
00110111100110
11100000011001
11000001111111
01111011001001
01000011100111
11111000000111
00000110011100
11000110000111
01100110001111
11110001101101
11111001000000
11010011111111
01101101110000
11010000100100
01100001111110
11011011111100
00001001100111
00001001111100
10010011100100
11001000011100
01101001001001
00110100100001
11011111111000
00111100011001
11000110100111
00110001101101
01100100001001
10010000100111
11111100000011
00110011001111
01111011110100
01111011011001
10010000111100
10011001111111
00110111101100
11110110110001
00110111001111
00011111111110
00100100001001
000110110111111
110000000000100
110010000100001
000011111001100
001100011001101
011110110011001
001111001100011
001101100111111
001100110110111
111000000000011
111111111101100
011001111000001
011110110110011
111101100110100
110001101101100
111111001100111
111111001111100
001101111001100
111100011001100
111101001111100
110111001110000
001101001001001
001100001100011
100000011111100
100001001000000
011100001001111
100001111100100
001100110000110
001000011100100
000011110100100
110011110111101
001100111101001
000111111001101
011110110110111
110011111110011
001100000000111
111100000000111
110001100000110
111101110011100
110000111100001
011110000001101
001100001101100
000111100111111
111101000000001
011001001001001
111101100111111
111101100001100
100111001100100
001100111110000
001100100001001
001100011011001
111101001100111
100111111100100
011111111000111
110110000011000
000001101101100
011110000110011
011100001111100
110110000111111
110111000011100
111100011000111
111110000001100
110000010000100
110000110000100
110011111111100
001101100001100
000001101001001
001101111110100
001001111001100
110110110011110
010000100000000
011000000011100
111100111001001
001111000001101
110000000000001
011011000100111
000010000110011
110100111111100
111100110110001
011000110001111
001101100011001
011001111111111
011001111000000
001100011011110
011111111000000
000000111101100
011011011110100
111100011001111
001100000001100
001100111101101
011000001000011
011111111000011
000000000100111
011001101111111
111111000110001
001111000011001
110011011100111
011000100000000
000011000010011
110011100001001
000000011110011
000000000010000
110100110011100
010000000000001
000110001101111
110000011011001
011111101101111
000010011000000
110110110000011
000111111110100
011001001111001
000001101100111
110100000010000
001100000111001
00011000000000000011
11011011011010000001
11110001101111011100
11011000001111011001
00011001100010000100
01000000000011000000
11110011011111110000
11110001100111000011
10000111001000010011
11001000000111001111
00000011011110111001
11001100001000011100
00011000000100100100
00110001111001110000
11110110011001101101
11001001100100111111
00111101111010000001
11011110001111001100
10010011001100110011
01101101111000110001
01111110110011010000
01101111111100110111
01111000000011111001
00000111111000111001
01100001100110110111
00011100100110011001
10010011000000100001
00011001111011000000
11011110000001001111
00000000000000000000
11011010000110000100
10010000001110000001
01001001100111001100
11110100001100001001
11110000111111100111
11001101111011011111
11000001101111111111
00011011100110000001
00110111111000001101
01111011110001001111
00111001001001110011
11111101111000111100
00110001111000001001
11001111011110011110
11001100000001111110
01111000011111001001
00110001100001100011
01101100011011110011
10000100111100001100
11110111101111010011
00000110000001101001
01100111111011000110
11001111000000000000
11000000111100000000
01111001101001111001
11001100000001111001
11001111100001100111
1111000000111001111000000
1101100011001110010011111
0111100011110111111100001
0111101111011110011100001
0011010010011001110010011
1100000111100011110000000
0001111110001111100100100
1101100000100110000001111
1111110000110100001000000
0110000110000011111111001
1110010011001001111001001
1111110110111111000000001
0110000001001100001001111
0001000011111111111001100
0110010000001001001001111
1100001100010011111111111
1111011000011011011100111
0111100000011110111001100
0001101100001111100111100
0001100110100001001100100
1101100011001100100001111
1110000111000000000000100
011100100111111100000011111001
110000110000111101100000010000
111001000011000011111000000111
000000001111100111001100100001
011011000111111001110011001001
000000110110000110111101100100
111111001100001100000000110110
