0
1
10
00
01
11
011
101
111
010
100
001
110
0110
0111
1100
1101
0100
1111
1011
0101
0010
0011
1110
1001
1010
11110
11011
10100
11100
00110
01101
10110
01110
11111
10010
10011
01111
10111
11001
00100
01100
11101
10101
00101
11010
00111
01001
01011
01010
010101
011111
010100
010111
011010
100100
101100
101111
111110
111101
110111
010011
101001
001101
001110
110100
111111
011101
001011
011110
101011
010010
110010
111010
001111
010110
110011
101110
110101
001010
011011
100110
110110
011100
101010
100111
101101
100101
111001
111100
1010100
1001011
0110110
0010101
1111010
0011100
0111111
1100110
0111010
1110111
0111100
1111111
0011101
1011111
1001010
1101011
1001111
0100111
0111001
1001100
0010110
1010101
1110110
1111100
1110011
1101010
1110100
0101011
0110010
0011010
0101100
1101111
0101111
1101110
1101100
1110010
1100101
1011001
1001101
1010111
0010010
1001110
1001001
1111011
0110100
1110101
0101001
0010011
1100100
1111001
0010100
0110101
0011111
0100100
0101110
0110011
1010011
0111110
1011101
0011011
1011010
1010110
0011110
1011100
1011011
0011001
1101101
00111100
11111011
01001101
10101010
01101001
11010011
11001110
11001010
11110111
01011001
01011110
11101001
10100110
01100100
01010111
00110111
11001011
01101111
10011100
11011110
11110101
01010010
01110100
01011111
11101100
11110010
00100111
11111010
10110011
01011100
11111110
10010011
11011111
01001110
10111100
10110101
10010111
01100110
10100100
00100100
00110101
10011111
10110110
10111001
10110100
10011001
00110011
10011110
00111110
01101011
01011011
00110110
11010110
11101111
01111011
11001100
11111111
01111101
01001001
10010110
01110101
11001111
11010111
10111110
01001100
01010100
10010100
11111100
11011010
11101110
00101100
01110110
11010100
01100101
11011100
01010110
11011101
11110011
11001001
01110010
10100101
11010101
11110100
11111101
00111010
11100111
00101011
01101010
00110010
11011011
10011011
11110110
01001111
11101010
01110011
11011001
00100110
11001101
01111110
11111001
10101100
00110100
00111101
10101011
00101101
00111001
01101101
01111001
11101011
10101101
01111100
01101100
10100111
10111010
01111111
01001011
01110111
10110010
10011101
00100101
01101110
10111101
11100110
00111011
10101110
01001010
10111111
111001101
101101101
011101010
100110110
001001101
010011110
011110110
111010100
110011101
101011001
011110010
001101010
001011110
100111010
101101111
101001001
101110100
100111100
100100110
011011001
110110010
100100100
010010010
111011001
110011011
110101010
011011111
011100101
111010010
001110101
110010010
001110100
010010111
001101001
101110110
010111111
100101101
111011010
110111001
101011010
101001011
011110100
100110101
011100111
110010011
101101110
111101010
101111111
011110111
010111110
011111001
011101001
101011100
101011111
101011011
001011011
111011111
010100101
110011001
001001010
111101100
101111010
010110010
111111100
111001010
100101011
001011101
011001001
010110111
110010101
001101101
001010110
111100101
011011110
100101100
010110100
001111111
011001011
111001111
001001100
111111010
111111110
111011100
010010101
111110101
100101111
011101111
011111011
001011100
001011001
010101111
010110011
010011100
100110010
010011011
011010101
101001100
011011011
010101010
111101110
011101100
010010100
110100111
010011111
110110111
001111011
111001100
110101011
111001011
101100101
101101100
011110011
110111111
011011010
001110011
010010011
110101001
100101110
010010110
001001110
001100101
110100101
101010100
010100110
001110110
100110111
111110100
100100111
001111001
110111110
101010101
101111001
101010111
011001101
111001001
001001011
100111101
101111100
110111100
010111011
011101110
001100111
101110011
001011111
010011001
110111010
101001110
111010101
101110010
001110010
0011011001
0111011010
0011100100
0110111011
1111100110
0111100110
0101001110
1010101001
1010100111
1100110100
1011010011
1101101010
1111010100
0101100111
0100100111
1001001110
1101001011
0101010100
0010100101
1110101011
1111010110
0011101011
1110110010
0100110101
1111001010
0111011100
1110100101
0100111111
1110011001
0100100101
0011010110
1001011110
0011010111
1011010110
1011111010
0110101100
1010101101
1101001101
0111110111
0101001100
0111101011
1111101100
0110111010
1100101111
1111111110
0111110011
1101110010
0101101110
1100111100
0111010010
1110010100
1010101011
0111111101
0011110110
0011001010
1010110011
1011011110
1111110100
1111011110
1110010011
0010111110
1010011111
1110100100
1101001010
1010100101
0100101110
1001001011
0011110011
1001010011
0010011110
1001011001
0010010100
1101010111
0110110110
0101010110
1001101001
1010111011
0111111001
1001001111
0011011101
1011111011
1100110101
1101101110
1101111111
1010110101
0111011011
1001101010
0010011100
1111111011
1001011010
0011101001
1100111111
1001101100
0011111111
1001010010
1101001110
0110011010
0110110100
1010011001
1100111001
0101101011
1111110111
0011111100
1111110010
0111110010
1110011111
1110011010
1101011110
1011001110
1100101100
1011010100
0101111010
0101101101
0010110101
1011110110
0111101111
0111001011
1011100110
1101111011
1010111111
0111001111
1011011100
1101010011
0101100110
0111011101
1011111101
0011101111
1010011010
1011110100
1100110011
1111110011
1100101110
0101101001
1010110100
1111111001
1111101111
1110010101
0110011100
0100110111
1110110111
0011111001
1010100100
1101111100
0110011111
0010100110
0011101101
0110100111
0110111101
1001011111
1001010100
10111110101
10010110101
11101110111
11001001111
10010011101
11101010100
01111101011
01011101111
01011111100
01001010101
01001001111
01011110101
10110100111
10011100101
00101010111
10111001011
10010010010
01110100100
11110111001
01111110110
10110101011
01010101100
10011001110
01010100111
00100101001
11010100100
10101101101
10100101011
00110110101
11111011001
10101011100
11101100100
11011111110
10011110011
11111010111
11111111100
10101101010
01001010111
00101110111
00111010101
11110111110
01011111110
10010111010
11101111100
11111011110
01001111011
01111010010
11101010011
10110011101
10101001110
01001101110
00111100111
01111110101
11110011101
10111001110
01001001010
01011011111
01011010011
11001001010
10011110010
00111100100
01011001010
01111111100
11101001100
11111011010
11010011101
11001010101
11111010110
10111111110
00111101011
11100101111
00101100101
10100110011
00110101111
01011011110
01111101110
10010111110
01011111010
11011110101
11011001011
11111001110
00101101011
01010010101
11010110111
11111111101
11111100110
11111111110
11110110010
00101011001
00101111010
10110111001
00111001110
11001100111
10101110100
10101110011
01011011010
00111010100
00111111001
01011100110
10101011001
01111100110
01001111001
10010011011
01111111001
01100101001
00111011100
10101001011
11101011100
00100110110
01011100101
01001100110
00101111111
10011101101
10101111011
11010011111
10100100100
11100101110
11100110011
01011101110
01101010010
11011011001
11111001010
00101011111
11110011110
01011110100
11010110110
01101001011
10101010111
11110110011
01010111111
10101110110
01100111111
11010101001
10010111011
11011100111
01010111011
10100110101
11010010010
11101100101
01111011101
01010010110
10111111011
10011010111
11011011101
11111001101
11011001001
01011101001
01101001101
00111010010
11111110100
011101100100
100110101011
100111100111
011111101110
110110010100
101010100100
110100111111
100111110011
100100111100
011001111001
100101101101
011001111110
101011101110
001110010110
101010010110
001100101100
110110011100
101001100100
001010110011
010100101100
001100111111
111100101001
010011011110
011011001011
110101001011
001111101010
010111110100
110011110011
010111011110
110011011110
101001011011
101111001111
011101001010
111101101111
111110100100
111001101010
101001101100
011011001010
110110100111
011010011100
101001010110
101111100110
011001001011
010011011100
011101101101
100101011010
100110101110
011001010010
001110011011
010011111011
111111100110
110010111101
111101010010
101100100100
100101101010
100101110101
111001010011
001010111100
101010010011
101001010111
111100100110
010110010011
010011110111
011111111101
011111110110
110101101001
011111111010
100111101111
101011111110
110100101001
010010110111
110010110101
011010111001
111110010111
110101001110
001100110110
001001110011
001010011110
010011010100
101001101011
101010110111
110011011101
001110110010
010100110011
110110100110
101011010010
011001110101
101111111100
100100101100
010101101001
110111010101
010101011001
001111111110
101011001110
111100111001
100101011110
010110100101
110100110100
101001111111
001001101010
101001111001
101111001010
010010101110
110110110101
111010010101
011011011100
010010010100
101001100101
101110011100
101101010010
101100101101
001101110110
110010110011
010011111001
011101111010
110110011001
101100111011
011110101011
101011110010
011011110110
011001011011
001011001101
001101010101
100111010010
001110100101
001110101111
111010110111
110011111100
101001010101
010100111001
001010111001
011111101011
010110101001
011010011010
001111100100
001101001100
001100101011
001101101010
001111010010
001001001010
101100101110
101010100101
010110010100
101110110100
111101111111
001001100111
111101001001
010010111110
111101100101
101010101110
0011010100100
0110110111001
0101111101001
1001100101010
1110011110110
0011100110111
0011011101001
1111100110010
0111001100111
1110110111111
0101111111100
1101001010110
1100111011001
0011110110100
1010011111100
0101100100100
1010011101001
0011101101111
1010111010111
1010011010010
1100110111111
0101011101011
0100110110010
1001001101001
1101100111011
0110111101100
1011110111111
1001001110011
0101001101001
0110010011011
1100110111011
1101111101001
1010010010111
1101100111010
1101011010100
0010010010101
1101110010101
0101001100100
1001101001010
0110010100100
0011010101001
1100110100100
1001111011010
0101010101010
0110110110011
1011111101111
1101111101101
1111101011110
0101001011001
1111111110110
0111001110101
0110110111110
0011001110100
1001100110011
1110101001101
1011111100100
1111101011010
1001011110111
1011111010111
1111101010101
0101101110100
0111101010110
1111110111111
1011001001100
1111101010111
1011010110101
1100110110101
1001001111100
0111101100100
1011100100110
0010010110111
1011110100110
1011001100101
0110010111011
1101101100111
1111010110110
1110111110101
1111111011101
1111001110111
0101011001011
1011011111110
1011101110011
0100111010100
1001101110010
1011010111101
1111011100110
1101011011110
1111001101111
1111101011100
0110101100100
0101001011100
0011100110011
0100101100100
1111001111101
0011101101100
0111101110110
0111011011110
0110011011100
1001111110110
0111011101101
1001011101010
1101010101110
0010100110011
0111011111111
1101010010101
1011001001111
0100101010100
1010100100101
0101011100100
0011111111011
0011111011110
0110100110100
1100101111110
1111110010101
1101010100110
0111001010101
0101100101100
0010111110011
1010111110011
0111010110111
0100101001001
1110101110011
0111111010110
0101010101001
0110110111011
1011011100100
0011010110111
1010101011010
0111011011101
0100110110100
1110011111011
0011111011111
1111101101010
0011101011100
1101111001110
1101111010110
0111010011011
0111010010101
1101001110111
1010100110101
1001011110110
0010010101110
0111001010111
1001011010010
1110011011111
0100110111001
1101101011010
0110110011100
0011001010111
0101100101110
11011010101001
00101010101001
01011011001110
10010111010101
01100110111101
11010101101011
11001100111010
01011111100101
00101111011100
11010011100111
01110010111011
11110010101011
11011111101001
00100110111001
01011101011110
11001100101001
00100110100101
10100111111100
11110010011011
11111010101101
00111100101101
11010111101011
11111111110101
11100111111111
11001110010100
00110111101001
00100100101100
10100101010101
11011001100111
00101101010111
01110111111010
01001111001011
01111001011100
01110111101011
01101101011110
11101001011001
10110111011111
11011111111010
10010111011010
00110010111011
10011010110010
01010111110110
01011011101001
00100101111001
01111101001100
10010100101010
01011101011101
11010011101111
01111110010010
11010010110110
01100101001111
10010111101110
11011011101110
00110110111011
01101101111100
10100100111010
10101011111111
10101011110101
01110010100101
10011011001111
00101101010010
01011011110100
01010110011101
11110110011101
11010110110011
10100101110100
01111100111011
01101101010100
11010111010110
11010010111101
11100111010111
11100101100111
11010111011010
11100101101001
01110111011111
11001101111101
10011010110111
01101011010010
01001001110011
11001011110110
11110111101010
10111001101110
00110011100110
10010100110110
00101001101101
01010010111001
11111001110100
00100111111001
01011011011001
11010111110100
10100111101101
10110011001011
10101011011001
00111010011011
00110101001011
10010100101110
10101100110011
10010011110101
11001010100101
01001110111110
01110111010011
01111010100111
11111001011100
01011110101010
10010111010100
01111001111100
01100110010011
10010101111101
01101001110100
10111011101101
01011100101011
00101101101111
00111011001110
01011011010111
00110101111111
10111011100100
11110011110110
11010011010100
01101001010111
10011001011011
01111111101101
01100101001110
11001011110011
11111110011010
00111111101101
01101110101001
00101110100111
11110011101101
01010010110110
11110011010011
10010101001010
00101011100111
01100111110010
10111011001101
10101011011011
01001001010100
11011010100110
11101111011111
10011001011110
01101001100111
10011001110111
10110111110011
11110100111100
00111010010100
00101001001001
10010011010111
11111101011110
11010111110010
11011001111111
11101001001011
001110011011110
100111100110100
001101001110011
011011100101100
101001111001010
001100100101011
011011010111010
100111111011010
010110110011110
100111010011111
110011011111001
001001110101010
100110100110011
100110011101001
101011110010101
110100111001010
010111111101100
010110100100101
101101110110110
110010110011010
100110100111101
110011110110101
011101011011011
001001111111100
011010110101100
011110111101001
001010111011011
111111110010101
001011111011100
011101101111111
110101011111011
010010101100111
101010111101110
110110011110101
011100101010100
111110101010111
101110111011111
101011011001111
101011110011110
110100101011011
100101111110101
010010100111111
001101011111110
101111111111100
101110101110100
110011111111100
010101110011101
101101111001010
101010010011110
101111110011011
001001011010111
101101101001011
101001011001101
101011001010010
010111011001111
011101001101001
011111101001110
111011011110110
101101111011010
101110111011100
001011011010100
111010101001111
111010111001001
101111101100100
001011101101011
010011111101110
111110010011101
101011100101110
111101100111011
011010100100110
001100111111110
111101001111001
101101101101011
100110010010100
101101010111001
110010101101111
001101010111101
001001010111100
111011011100111
101011110100100
001011111010110
101001111010011
011111011110010
001101100101100
110110100110110
010110110111010
001001111100100
010011010110111
010101011101011
100110011110010
111011101100100
110010010011111
001111111011001
100110011001111
001110010111110
101010101101110
001100100110110
001101001010100
011110111001101
011100111101101
111001111101100
010100100110011
001111101010100
011110100110101
011010011010011
010101011110011
100101100101110
010111011001100
111010011001010
111101011110100
101001111101101
110100111011001
111111001111001
110010111010110
010010101001100
001010011011100
100111011111001
110011100110010
001001110111001
111010101101111
111101001001001
010100100111110
010011100101101
001101110101010
001010110110011
101010101111111
101111111001111
111110110010100
101110010010011
010010101110100
101101010101010
111100110111100
001001010111101
101110111100101
100111010101111
011101100101101
010011110010101
010110011010110
111110010101011
110101101111001
111010111101110
001010011101110
101010100101010
111101110111010
111011111110011
101111010011100
101101010101111
101001011100110
001110011011011
111100110101010
10010010111011001110
11110111110101011100
01110110110111010011
01111010111100111100
11010111110010010011
10110011010110111111
00110101101011010011
01001101100110110010
10110011111101101100
10011110010011101011
01101011101111010101
01011001100110011101
00110010111010111010
10101010110101011100
11010110110011011011
10100100100100101111
10110010111101010011
01001111011010101100
10101110011100101011
11110010101100111100
10011100101110010100
11010110011101110010
11001101010111011011
11101001010111001111
01110100101010111110
10010110111010101011
10100111101011100100
01010010010010111110
10010111100101010111
10101111101101001011
11101110111111101110
11111101010110110011
01001001010111010110
10110010111001001100
10101111110111101100
10011001010011111010
11011011110010111111
00111110011101010100
10010010111001001010
01110100101101101101
00100111110011110101
11111111111001101110
11101001001110011110
10100111101011001010
11001001001010011111
01111010010011011110
10111101001011111011
00110110101001100111
11110111001010110110
01011110111110100101
11011111001111110100
01001001101101100110
01100111110111111001
11111111001110101111
01110101001010100101
01011110110111111111
01001111010111110100
01001001110010011101
11111011101110111100
01110110101110110100
01111111101111110011
11100101101010111101
10010110111101101110
10101111111110110010
10110110110110100111
01011001111001010111
10011011101010011101
01011010111101010110
11011011111110101100
01101111010110010010
01101100101111010110
11111010111110010100
00110010110101110010
00111010011110111101
11110010100111011011
11111101001101011101
11011001111001101101
11111001101011011011
01101001001011110101
11010101111101111011
11001110110011100100
00110011010111010110
00110010010110100101
10010100101001111100
01010011110110010110
11111100110100110011
00111011011101111110
11111111001001010110
00110110110011101111
10010100110010110010
00111001001011110011
10101010011111010101
11100111011101101101
00110110111110010101
00110011111011011010
00101011110010010011
10101111101010111111
11011111111011110111
11001101101111110110
10100101100101100101
01101011111101011110
10101101011100100100
11110101110110100101
11101110111011101101
11001110111101010111
10011110101100101111
11011010111010010011
00110110110010011011
10101110111011111100
10111110110011111001
01111100111001001011
11011110110110011001
11101110110010010110
00100101111010111001
11101111110011110010
10111010110111101001
01100100100100100111
11111111010110110110
11101111110110010011
00110111110010101110
01001001111101001111
11110010011101011001
01100110101001011001
01111110011010011010
11001001001010010110
00110111110100101001
01111011100101001011
01010011110101101100
01111111110111010101
10011011111100110100
11111101111110101011
11101001010110100100
11111101001100100111
10110110010111101101
10100110011011011110
01110011100101101010
01010110011011110101
01001110010101101111
11101110101010111101
11101010101111010100
01101111100100111100
10111110110110111010
01111011111001011111
11011010011011001011
01101111011111110111
01010011011011111011
00111100110111011011
01100110101001111001
01001110011110010010
11110010100110111001
0101101001001001010100111
1010111100110100101100111
0101010101010101010101001
1101101100110110010011111
0110110100110011010100101
1110110010111111011010011
1011110101010110010110101
0011001001010011111011101
1001010101110111101111110
0101110110111010110010101
0111010010011111101011100
0111001010110110110011011
0100101110111001001011101
0110010110101111101010100
1011100100110011010010101
0110110010110110011111001
1011110101011111101110110
1100111011101010111001010
0011010111010011100111100
0010110101001101011110101
0101110100111010111001111
1001101011110100101111010
0111011110101001110111011
0110011101011010011011001
0010011110101100111111100
1101001001011011011110111
0101010111101110011111100
1101001101011010010010100
0110011001111100111001001
1010010101111110100110111
0100110011111001011001100
1110101110110010011011100
0010101111010111001010010
1110100111001011011101111
0100100101110011111011010
1101110101011110100110111
1001010011011011100111010
0011011100100110110111011
0101111101010011010101110
1100101110100110010101111
1111110110111001011110011
0110111111011001001001110
0101100111001010101010110
1111110010101001101011001
0100111111101011010110111
1001101010110110100101100
0101110101011111001101001
1100111011110011100101001
1111110111110101010111111
0100111101011101010101001
1111101111010110110101001
1110111100110101110010110
0111001100101001011011001
1101111001101001011110011
0101111111111110011010101
0011110010111111010111110
0111011010111100111101010
1001010111101100110110111
0101010011101001101001001
0011111110111010100100101
1001001111111110111011110
1101101011100110111101101
0011001100111001110011011
0011101100110111011010111
1010101101101010110010101
1011001001101110011110110
1101111101111110010110010
1101001010011111100110101
1101010111111110101011011
1001111100110110100101001
1001111010010101001010010
0111100101011111110011010
0110100101110011001001111
1001001110111001110010100
1101001101111110101110100
1111111111001111111101001
0110101001110110101100100
0100101101011011011001101
1011010010111111010110010
0110011010010100111110010
0100100100101101001001101
0010011011001111100110010
1100110111010101101110111
1100101111010010011111001
1001111110101001011101100
1011110011100111010011101
1100111110011111010101110
0010011010011011001011100
0010011101101110011010100
0011011101001001100111111
0010111110101001001100111
0010101111101001011011001
0010011001010100100100101
0100100100111011110010011
0101101100111111010100111
1111101110010101011001100
0100101001111001010011100
1101010110010111011110110
0011010111100101011001010
1010111010101010011111010
1100110011010110011010100
0111110101011110100111001
0100110111100100110110110
0101001100110011011010100
1101111011011101101010011
0010011011010010010100101
0100101100110011001100100
0111010101111010011111111
0111110111101111101011010
1010011101011111001101001
1111010111010011111110101
1110101100111111011110100
0101111011101110101111110
0111001001110111101110111
0010111110110101111101111
1100100101011010111011110
0111100101001101110010010
0011011011100110011011100
0011011100101111101011100
0010111011111010100111001
0011110111010010110101010
1101100110111110101010101
1010110100100111001001111
1111101110101111001011001
0111010100111110011010011
0100111100111110100101001
0111101011111011001011111
1111100101001010011011111
1011011111011110101101110
0010111110100110101100100
0101111110100101001111100
1100100111001011110111110
0101101010111010100100101
1111011110100110100111111
0011011101101001111111111
1110111001100100110101010
0110011111110011011101001
1001110010011110010010101
0011011001100111011011011
0100110110100111110010101
0101111110010100111101100
110111110111011101001011100111
101101101101011100110111010010
011010011001011011111011111101
001010110100101101101010111110
001111001101010111011110010101
001011001001011110110110111101
010111010101110101111010011011
101110011101011111110111111001
111100111011100111011010101110
110101001001101001011110010110
101111111001110101011001101101
111011011001100101101101101100
011101110101001011101110111110
010110100111110011100110010010
100110011010100101111110010111
100101110111100111010010101110
011001101011111110011101011010
001101010110011011101111011110
010100111001001110011010101110
110010101111101101011101101011
101010011101001001101101111100
111101111111001101110101010011
010011011001001010101111011100
100110101001100100110011001111
110111011001001100100100101011
011001111110101010101011010110
110010010100111011111010111011
001001010110111101011111010011
011111111001100101111010010101
101101001100110101001110111100
101110110110101111100101110010
001111011001111100100111101010
001001100100100111101001011011
111011001011110100110010010100
101100101001111101101101011011
101111111110010110110011101001
001010101001100110101011111010
110010111010110101010011111010
001001110011110010101101111100
011110100100110101110011101001
111011110011011101001101110111
100110011001010110101110110110
011001001101111110101110101110
001100100111110101100101010110
110111101001101101011001001101
111100101010100101110111010111
100100101100100100100111010111
001011111011011001011011001100
001011111011100111101111101010
111100111011011010101101011111
111101011111111001101101111111
110110101101011110011110110100
111101111001011011100111101100
100110010111010011101110011110
001111101001010010011011101110
010111011100101100101011001100
011011010110101001011011111110
011001110110100101011100110110
001101011110100111001110010101
101111010011001011001101110101
011111001110111011100111010011
110010011100111101001010111111
100111111010111111011110010110
010100111011111111110111001011
001101001001001101001011100100
010011110011110111111001110111
011101011111101101111100110100
111111010101001001110010110011
111111001110100111101100101110
001101101010011111111101011111
110011111110101111111010101011
111001111111011111101111010010
101100110111010010101010111011
010111110101001100100111111110
010111111110101011001111101010
101110101001001011010100101110
010110110011101010011001101100
010110111101100111100101001111
111101110101101011101011100100
100100111101110010110110111111
011111110110110101100100110100
111001110010011110010101100101
001001011010011101010111100110
001001110111011111001001010011
111110111101101110101011101100
001011001011010111110011101010
110110010100110111001110010011
110111110101111111001101101110
010100100111001100101001111101
111100110010011001011001010011
011110111110110010111100101010
101001111101111111100110110010
111100100101101010110101110111
101001011110011110011011001001
001100111111111111011011100100
010010111010110111011010110110
001110100100100111101011111001
001001111010110110110101011100
