01
101
001
1101
1001
0001
0101
00001
10101
11001
00101
11101
10001
01001
01101
101101
011101
001101
110101
110001
001001
100001
010001
011001
101001
010101
000101
000001
100101
111001
111101
1111001
0100101
0001001
1011101
1000101
0110101
0111101
1000001
0001101
0101101
1011001
1101001
1100101
0101001
0000001
1010001
1111101
1100001
0011101
1101101
0110001
1001001
0111001
1110101
0100001
0011001
0010101
0000101
0010001
1110001
1001101
1010101
10101001
00111001
10101101
11101101
10111101
10111001
00000101
01001101
01100001
10110101
10011101
10110001
01110001
10100101
00100001
00100101
10010001
11001101
00001101
01011101
00110101
11001001
01010001
10000101
11100101
00101001
01111101
11011001
11111101
00010001
01101101
01010101
11000101
01100101
00110001
10011001
00001001
00011101
11010001
10010101
10000001
01111001
11110001
11100001
00101101
11011101
01110101
11111001
00011001
11110101
01101001
01001001
01000101
10001001
00111101
01000001
00010101
10001101
00000001
01011001
11101001
11000001
11010101
10100001
111011101
111110101
100101101
101110101
110101101
001110001
101101101
011101101
110010001
100111101
010111101
011010101
001111001
001010101
111111001
000011101
010011101
001011101
110000001
101101001
010110101
010001101
001100001
001101101
011111101
100101001
110000101
000010101
110101001
110011101
111000101
000000001
111110001
110110001
101011101
111010001
111100001
110111001
100000001
010001001
110011001
010010101
110001101
010010001
000101101
100001101
000100101
010101001
000110001
001010001
001101001
011001001
000111101
011100101
011110101
010101101
001001001
111101001
000001001
010100101
111010101
000000101
011001101
111001101
011111001
101011001
001001101
010000001
000011001
101111101
011100001
100000101
011110001
100001001
010011001
000100001
000101001
101001101
111100101
001000001
001000101
101010101
101001001
111111101
001110101
101100001
011000101
100100001
111101101
110100101
100011001
011101001
101000101
011011101
100011101
101111001
101110001
101000001
111001001
100010101
010111001
010100001
110001001
101010001
110010101
110110101
100010001
001111101
110111101
100110001
110100001
011010001
101100101
100100101
000111001
011011001
010110001
111011001
001011001
111000001
010000101
100110101
000001101
000110101
000010001
001100101
100111001
011000001
0100010101
0001100101
1011000101
0000011001
1000011001
0000010001
1010010001
0101100001
0111011101
1110001101
1101001101
1110011101
1011011101
0111100001
0011011101
1000010001
0100001101
1000011101
0111011001
1101001001
0001101101
0110000001
0001001101
0011011001
1000001001
0011111001
1111111001
1110010101
0001011101
1010011101
1000100001
0000100001
1001011101
1110001001
1100110101
0111010101
0001001001
0101110101
0011001001
1100001101
1111110001
1010110101
0001111001
1010001101
0011010101
0110001001
1110101001
0110110001
1101100101
1110011001
0010110001
0010010001
0100101001
1000000101
0010101001
1110000001
1100001001
0011101001
0010110101
0011110101
1101000101
0000010101
0110101101
0100100001
1111000101
0010001101
1110110001
0101010101
1000100101
1101010001
1110100101
0110111101
1001000001
1011010001
0000000001
0010111101
1001111101
0001110001
1111011001
1111011101
1001100101
1100101101
0001000001
0100100101
1110101101
1011100001
0101111001
1101011101
1010111101
1100000001
1100000101
1111101001
0011101101
0100011001
1101100001
0111000001
0100111101
1000111001
0000100101
1100010001
1000001101
1111111101
0101111101
1101101001
0001010001
1110111001
1010101001
1011110101
0110010001
1110100001
0101001101
0101010001
1011001001
0001011001
1110010001
1000000001
1010110001
1011101101
0011000001
1011110001
1000010101
0111101101
1000101001
1011100101
0100110101
0110101001
1100101001
1101110101
0000000101
0110001101
1001101101
1000110001
1111010101
0000110101
0110011101
1011001101
1010000001
1000110101
1011101001
0001101001
1111110101
0110110101
0111000101
1011000001
0110010101
1001001001
1100110001
1010100001
0111110101
1101101101
11001000101
00100110101
10011100101
11000110101
10101011101
00011001001
10100001101
00001100101
00001101101
10101000101
01011000001
01010001001
11010101101
10000100101
11111101101
10111101101
01100000001
00110101101
11000000001
10100011001
11011001101
00111000101
10010011101
00010000101
01111000101
10001011001
10100000001
11110100101
11101010001
00010101101
00101100001
11000101101
11110000101
11111111001
11000100001
10100100001
10011111101
10001000001
10101111001
01111110001
01111110101
00100101001
10011110001
01011001001
11100111001
01011011001
00111001101
01101100101
00101011101
00010100101
10111100101
00000101101
00001100001
11011010101
10100101001
00001011001
01010101001
00000000101
00111111101
00001111001
10011001001
11000011001
01001011001
10011100001
01000100101
11100000001
11101011001
01001111001
00011011101
01100001001
10011101001
00010010101
01101000001
10101010001
10000110001
01100111101
00101111101
10100110101
00100000001
10100111101
00001000001
01011000101
01011100001
10001011101
10000111001
11001010001
00000110101
10000011101
00011011001
11101111001
01100100101
01101001001
01001001101
10101110001
01001110001
00100011101
11011110001
00111000001
11111001001
00111101101
00011100001
01010010001
10011010101
01010001101
11000001101
11011010001
10111110101
01111101001
01000101101
01000000101
10110001101
11011000101
00011111101
00010001001
00100100101
11001000001
10010110001
01011110001
01110001101
01111111001
01100001101
10011101101
00110100101
10010010101
00010011001
11110110101
10010101001
00011111001
11110010101
11111010101
11111110101
00001001101
11100011001
11111100001
00100001101
11000010101
01111100001
11011000001
01001001001
01110000101
01111010101
11100011101
00100010101
01010000001
01010000101
00011101101
11110011101
11000111001
11110111001
10110011001
101001111001
010001101101
000000010001
010011100101
001100110001
001010101101
001110010101
111111011001
110010011101
011110011101
001001010101
110110101001
111110101001
110111010001
000110111001
111000010001
011101101101
011101100001
110111110101
011000010001
101111101001
000010001101
100000101101
101111110001
001000000001
110100011001
101100100001
100011101001
100001100001
101101100001
011011100101
110101111001
110110110001
010110000001
101110111101
000011001101
111000000001
101010010001
000100100001
111100101001
001010111001
101111100001
100100111101
110110011101
001000101101
101001011101
101101010101
100000111001
111011001001
101010110001
010011111001
100000100001
101111000001
000001101101
011010101101
000111010001
101010100101
100100100101
101111000101
010110011101
100110011001
111111101101
010101010101
110101000001
011001100001
100000000101
010000101001
110010000001
001010000101
110110001001
011001100101
101000010001
100101000001
010101111101
010101000101
011000110101
101111101101
101100110001
000110100101
011100101001
100110101101
100110111001
001100111001
100111111001
110011111001
001011011101
101111110101
101010011001
001100010101
000010111101
111100111101
001110010001
001001101101
001110011001
101011011001
011101001001
001010110001
110011111101
101100010001
111001110001
000100011001
011010001001
000010001001
000001100001
110011101001
101110100101
000011111101
110100100001
010000001001
000011011001
101001000101
010011011001
010101101001
000111101101
100100100001
000010011101
001110111101
100100000001
101011100001
110001101101
110001000101
101110111001
110101011101
011010000001
100001101001
011010010001
011001101101
110101111101
111101111101
000101111001
110010110001
011011010101
010101101101
000101011001
010000100001
101110001101
111110001101
110000111101
110101100101
010100011001
000001000101
100111000101
100100110001
001011111001
111111001001
110110000001
101100110101
010000110101
001111000001
111001001101
0011000111001
0010010111001
0000110100001
0010101100001
1100100000101
0100100100101
1001000010101
0110101110001
0101000000001
0000000000101
1010100001001
1010001011001
1010010111001
1111010000001
1000110011101
1111110001101
0100011000001
1010010111101
0110001010101
1100111100001
1101001101001
0100101001001
0011100110001
0111001111001
1001110011001
0110000001001
0000100111001
1101011101101
0100011011101
1011010101101
0011011100001
0111111000001
0001110011101
1011011100001
0011011110101
1000111111101
0011111101001
0110100000101
1100100101101
1010010000101
0111001000101
1111000010101
1101001001001
1111010010001
1001010011101
0000100111101
1100000011101
1001100100101
1101010010001
1101000100001
1110011001101
1110001010101
1111000010001
0011110011101
0011100100001
1011011101101
0000001110001
0011100101101
0101000010101
1100000001001
1010010000001
0001101111101
0110111011101
1100101000001
1100101011001
1001111110001
1001001001001
1110100100001
1001001000101
1000010010001
0011010011101
1110110100001
1000000101001
0000111010001
1101001010001
0101110010101
0011101100101
0010011111101
0000000010001
0001011001101
0000110101001
1001000001001
1101101111001
1110010011101
0001001111001
1111111111001
0101111111001
1000011000101
0010000000101
1011010111101
1011111101001
1011000100101
0001001110001
1001101110001
1111010010101
0011000100101
0010101010101
1100010111101
0010001100101
1001110000001
0001011100001
1010010010101
0000100101101
1010111010101
0010110011001
0011010100001
1111001000001
1010111000001
0010110001001
1110110000001
1100111010001
0111111110001
1001110000101
0011101010001
0001110101001
0101111000101
1001110100001
1011010000101
0111100101001
1100101110001
0001111101001
1010001101101
1101110101101
1100110111101
0000111101001
0000010110001
0101101011101
0010000101001
0010100101101
1100000110101
1100011010001
0100000001101
1000011001101
0111110111101
0011010101001
1111100101001
1110011000101
0110101111101
0100110010101
1111011101001
0111001100001
0101110000101
0011011101101
1011101100101
0100010100001
0001111011101
0011101000001
1101001110101
0110100000001
1000100001101
11000011101001
11100010110101
01110001010001
11011000101101
11101001110001
10100010011001
10101010001001
01001001000101
01100110101101
10000011101101
00101001100001
00100011011101
00010100001101
00100010111101
11110001101001
00011001101101
00100111101001
11011100011101
00011100011101
11001110101101
11101110101001
00001010100101
10101101111001
10001110000001
01010010000101
01101110111001
11110000011101
11010010001101
10111000000101
01011010111101
00010001110001
00110100001101
00010101011001
01100100010001
00001011100101
10010011000101
01110000101101
00110001000001
11001000101101
00001000010101
00101010000101
10000001001101
11000111011001
01100100010101
10101001111101
11111010001101
11001110011001
11100111110001
10011011011001
00011010011101
00111001011101
01010100010001
00100110111101
00100101101101
10100000000101
01011010110101
01010111000101
10110000011001
01110110010101
01000011101001
10000110011101
00011101000001
11000101101101
01010111101001
10110101111101
11001001101001
10111001010001
11010100110001
00101000010001
11010000011001
10001110011001
11111001011101
01010000101101
10000000100001
10010011100101
10000011001101
10000001110101
00110110000101
10000110000001
00111100100101
11110000111101
10111001101001
01010011100001
10011110101101
10111010011001
00000100100001
00100001110001
11111100100101
10001111100101
01011000010101
11111101101101
00000011000001
11001110100001
11100111001001
11100000011101
10000010010101
00111001000101
00111010101001
00010000100101
11110100011101
11111001110001
01001011101101
00101011011101
10000100111101
11111010110101
01000110100101
00001001110001
01100000010001
00011100011001
01111000111001
01000001010101
00111010100001
10011011000001
11100110000001
01111110000001
11000010011101
01101000101101
01101000000101
01010111100101
11100001111101
00111010001001
01101011011101
10101101100001
11100001010101
00001100001001
10111101111101
10101110011001
00011000111001
01101110010001
11010001011001
10100000111101
11010101011001
11000110100101
01101110011101
10101011001101
10110110101101
01101000011101
01100100000001
10011011100101
10100101011001
10000011110001
11011101101101
10100110011001
01100100000101
11110011100001
01010100001001
11001110100101
00001101011101
00101100110001
10000100100001
100100011101101
100100110110101
010000001011101
110001111110001
110101110111101
000110010101001
100110001000101
100111110000101
011100010111001
011100100100001
100111000110001
111101111111101
101011111110001
011011011011101
110000010011101
111101000110101
011110010001101
010111011001001
101101001101001
001010100100101
011011110010101
101110100100001
001011011001001
010100110010101
001111001000001
011000110110001
101110010101101
011100111011001
101100010110101
010110010110101
011100100111101
001110000011001
010100100101001
100010111100101
101000111000001
111101011110101
011010111011001
001000001101101
111100011100001
111111100001101
000011000110001
001111010000101
010110001110101
011011000001101
101110110010101
111111000101101
111010000111101
101100111010001
000001011110001
110010111101001
110110100100001
001001000010101
000001001111001
101001111000001
101001100001101
100100000100101
010011101101101
000100010100001
100011010100001
000001111110101
101001000010101
100010101101001
011010101000001
010101101011101
110010010101101
011010001100001
010111111001101
101010110011101
101011001101001
111011100110001
101000010010001
111001011010101
010000101111001
110110011101001
000001011000001
010011110110001
010001111011001
011110100010101
000101000110101
000110010111101
111100010011101
100100110011101
110111010110101
110110101100001
111100010000101
011011100100001
101000011011101
111111110011101
100101001101101
011001100110101
101010101011001
101011001000101
000111111111101
011100000110001
001101010010101
011010110101001
001100101001001
001110110011001
100001000010001
100001101001001
011101100010001
000100111010101
110110101101001
001101100100101
111101101100001
111110111111001
001001010110001
100010000011101
000111101010101
000101100101101
010011011100101
101011111011101
011111011101101
000101010100001
011011010010101
000011001101001
001101100011101
001000101011001
000111011011001
110011010011101
011001001010001
101100110110001
011010000001101
100001110011101
011011110111001
111101110001001
101001110010001
111001110000001
101011010101001
101010010111001
110000001010101
110010110110001
100111110011101
000010110110101
101001000101001
001111010110101
111010000001001
100000011101001
010110000100001
011110010011001
010111101010001
111001010110001
111110001011001
111010100010001
110010001001101
010111001011101
101100100000001
001001101000001
010110111101101
001111001101101
01100101100001100001
01000001001000000101
00010100010101111001
10110111000011001001
00111001110001000001
00100110100101010101
10011101010111100101
11111111100100011101
01001001111000101001
11010000010100111001
01111000010010100101
00000001110000010101
11101100010110000101
11010111101011011101
00000111101101111001
00010101001110000101
10010111111000110101
11010011101001010101
10001110001111001101
00011110110001000001
01100101101001010001
11000101001100000001
11100110100011101101
10001110011001000101
10001001110011011001
10010110101100101101
01110011011111000001
11011111100010100001
11001111001111000001
11010001100010111001
00111111010111111101
01110000000101000101
10010100001110101001
01010000111100000101
10000000000110011101
01101001011011011001
10101110111000100101
11010000101111100101
01011111000010101101
01010001010110111101
01011110111001001001
00110111110011110001
00101100011010100101
00100011010100010101
11010110010001010001
11011010011110100101
11011110011111101101
10111010011001100001
10110001101100111101
11101011100001010001
01100100111011011001
01001110111000000001
11100100100000111001
11011101111000101101
11100011011110000101
00110000110010010101
01111001011000101001
00001101111101110101
00100000111001010101
00000101100110001101
01110100010101001101
00110010110110011001
11100010100001010101
10010101001001011101
01110110011111000101
00011110100000100101
01010110100101100001
10111111110111010001
00111000110111110101
11111111101100110001
01100101011110000001
10010111100010011101
01101000011110000101
11111101101100100101
11110100111101100101
01011011110110100101
01100111100110011001
10010101000010000101
11101111100100011001
00100111010001110101
00100000001010010101
00101011110110100001
10010001010010100001
10110010111110101001
10000000001000010001
00101011101110100001
11100110101100000101
11001010000001001101
11001011110100011001
00101010110100111001
10111101001101000001
10011111110010101001
00001010011010010001
10010011111110000101
00111010011111000101
11010110011000100101
00100110101101010001
01111000011001111101
10101110110011101001
01111111101101001001
01000011011111101001
01100100000010110001
01101111001000100101
01111100010010100101
10000100000001100001
00100101001110100101
10000110111100011001
00011110000100110101
01010110100011100001
00010001101111001001
01001110010111101001
11110100000001010101
00000010100101110101
11101111011011110001
10001101000110011101
11101011000101000001
01010111111011101001
01001110001101001001
10100110110111111101
10001001110011100001
11101100001011110001
01000101111100111001
01000110110000100001
01011000001000101101
00101011101000010001
01001011111001010001
00010110101000111101
01100111111010100001
00000010110111111001
10000000110011110001
00000100000000011101
11100010001100000101
11000111101001001001
00101001110100001101
00011111000011010001
10000001010010101001
01110010010111000101
10000101101101001001
11000000001110011001
10100100010101001101
01000110100001111101
00011100001000001001
01110011011011111101
11111001100000110101
01100001111111001101
11101011101000101001
11110110001000101101
00110100101101110101
11000001101001111001
01001110010001110001
1001011010100111011010001
1000000000001100010010101
0001011001110000000101101
0010100111011111110100001
0100110110000001011110001
0101000101011101101100001
1001010100001011100110001
1100101010010011001000001
1110010001011010000100001
0001101010000101110100001
0011010110111101011100101
0001100111101101000010101
0011110010011010001111101
0011111101100110010100101
0110101000110111011101101
0110100000000001101101001
0100000110101111100100101
1010001111011100110100001
1011110001111111100101101
0111110000100110001111101
0110011000000110110110001
1100111110110110100011101
1110000110010110011011001
0011101110111100011110001
0000110111110111001101001
1100000101001111111010101
1001101001000101100111001
0111100100111110101000101
0111000100000001100110101
1010011111110000111011001
1111101011000100100100001
0100110000000000011101101
0010110111100110000010101
1101011000101011110101101
1101000000001000011101101
0110011011010111001001101
0101011010001010000111001
0011011111010010101011001
0000000100000110111000101
0110011100000000100111101
1000100010001110110101001
0110100001011000011001101
0010101000011010000101001
1001000100101110100000101
0001100000001001000010001
0110000110011011100101101
0111001011011110101000001
0011110110010101010000101
1011111101011100000100101
0001000000110100110011101
0001101110001011001111001
1101001000010011011001101
0101100001000101000001001
1101010001001000110010001
0000111010110100001100001
1100101100111101101101001
0100111001010100011011001
0011011100100100011001001
0101111000111001111000001
0100010001110101100001101
0000000011000111000010101
0111001111010010001010101
1101010001111100101010001
1010000100010010011011101
1111010100111100001101001
1000101010111000100000001
0000100000101010111010001
0011000001111111111000001
1110111000010010110111101
0110000000100000110100001
0011101011010111010000001
0011110001101011101001101
1101000110000101011000001
1111100000111011100111101
0111011010101101011110101
1100010101010101010111001
0101001101100100001001101
1100010010010000101101001
1100110000110111011010101
0110000011011011001101001
0000100011111011111000001
0100100011001110111010001
1101101011110110010001101
0000011100000111001011101
1101000111101101101010001
0101011000011011010100001
1010010111000011011101001
0100101001000010010110001
1001010100111010001111001
0000100011011010011000101
1000010101011011010010001
0010001011001111001000001
1101100010011010101011101
1010001011110101101101101
0100100011000010111110101
0111100100001010110010101
1010011000100001111001001
0000011010100110000101101
1110001010100110110110001
1001010101000000101100101
0100110010110101110101001
0111000111011001111111001
1001110110111100100011001
0101111000011100001110101
1110111000111000000101001
1110010100111100101110101
0000101000111110100001001
1100010111111100111010101
0011100011000111101000001
0000001010010000100011101
0011101110110001001011001
1010100111110101000010101
1011011110101010001110101
0010100110110000010100001
1101010001001111111100001
0001010101110111101001001
0001100001111100101011001
0110000111001000100010101
1110100110100000000001001
1111111101111000101011101
0010001000111111000111001
1100110001011100011111001
1100000101001100110001101
1110111000011010101011101
0100011111111110110111101
0100111101000010001100001
1001101111100101000001001
0000011011001101010001001
0001111010101011001010101
0011110101000001101010001
0000000000001111001111101
1111011000111100011110101
1011011100010011110111101
1110110000011111100000001
1100010111011101111011101
1110100101111110011010101
0000001000101010011111001
0100110001110001001100101
0000101101100010110111001
0111000101010001001111001
0100101110110110100111101
0000001001111110010010001
0101011111100001000100101
0000011011000100001100101
1011100101011011001101101
1110011111011100010111001
1011110000001001100001101
1001000101101111000111101
1100100111110110111101001
0011011101000011010110001
001111100001010101101010001101
111111100110101111100100101101
100011000000010100001101110101
110100001000100010111111111101
110010011000010001110110000001
010011010100111010011011101001
010110101100010110101110010001
010100100001010011010101011101
010001000001011001010101010001
000110111111100111010100110101
011101001101101011111011010101
011000111001100101100000110001
101110100111000111110111010001
100100000100001001111010010001
010111110001100001101111101101
111110001110011010011111011001
001101110011111011011011001101
100000011000100101110011100101
000100001101101101011000000101
110011001101110101010111101001
000000001001110001100000011001
110111010101110011101011101101
100001101101001010001111000001
101100010100000011110111011101
100011110011000000010110001101
110110101010111001000111101101
111000100001001100101000101101
100100111010100001100000110001
010010001111101000011011000001
110001111000111111111111000101
100111111010010111010000011101
101101110101010001101101101101
110011110110101101111010110101
110100111100001110101100111101
100100101100010010111100011101
001110110101011101000100111101
101010001111010101100011000001
100110001111000101010001101101
000011001011110010111000010001
111110010010001000001110010101
100000000011010011001011110101
001000000000110000001011011101
110100000000111101011010001101
010000000110101111000000010101
100001101010101100100111011001
001001101101010011010000000001
101110101110110111011001011101
001001110111001111000011101101
010000001011101110111000000101
010110111001001000110000111001
011000101110111110100110100001
110101001001011110000010101101
010100010100101110111011010101
000100010000011110011001100001
111100101111010100110100010101
001110111010010110001100000001
011010101110111011001111010101
111010001011100110010101011101
011110101000110000011110001101
000010011100000010110101010001
100000101100010101100001110001
101111110100100101100101110101
100100100100101000101010100001
100111010011010010011010111001
010100011110011010000100110001
100000100010000000011001101101
000011011101100110100001111001
011001111101100001010100000101
111110100111011001011000001101
011101010001010010000110111001
010111110100011111001010110001
001001110101110000100111111101
011000001010000100000010001101
110011011110001011100011001001
000011000011111110000110110001
001110010101001111000100101101
100100011000010011011111011101
001101101000111110110000100001
000101000110111110101100100001
000010010111101110001101010101
101011011001010000000001000101
000110011001001010000001011101
100011001001111000110100000101
100000101001101111010110011101
000100000110101000011010011001
000001101110100101010100010101
000100101010111001000011001101
001011100111001000100101010101
011000111010001001101110001101
011111011000001011010111000001
001000011110001010111100110001
110000101110010010010011110001
100001111011111001111010000101
101111011110101111000011000001
110010100000100010110001100001
011100001110110110000111100101
100010011110000000001110000001
110010001100111110100101011101
111000110111101110001010001101
010101011111001111010111001101
011111000001011000001101110101
000101010011111010101010001101
010001100001100011100011101001
001101101111111000111100101001
110001001100000011111111111101
100100001010000001001001100001
000100000010001100100010111101
111111100101111111100101010001
111101111111010010001001111101
111011100000010011010000110101
100101011111001101011100010101
010001000001100010010101011101
100010000010101001011001100001
011010101001111011110011101101
110001101110011001011110011101
001000100011001110011101010001
100110101001010101111101000001
001101010000111001110001101101
101010010010101110111001111001
101000001110110111000000111001
101001011100000101011101001101
111001100011111010001101001101
011011010010111010110010001101
101001100011110101000101101101
010000101011100100110011011101
111111000111110010001011110101
011110110010110010010011000101
000101101011111111001101100001
101010101011010101001000010001
111001100110010101010101011001
101011010100001101111111001101
101001110001000110110011000101
111111100101011001100101001101
101000000111101101111011001101
111010001001111010000010101101
111111111101100110101000100001
101000110010010000110001110001
111100011111000111010111001101
100011101101101111011010100001
101001100000101011000000111101
101100001111011111100010011001
001000010010111100011000101001
100111110001110101010001101101
101110110100100110000110110001
100110100011010100110101011101
000111011010001101111010100001
110111111000010010011011101101
001101101100000001111111000001
101101000111010100101001000001
001101110101100101111100011101
